76

  P  2.39907066 -0.19339684 -0.11899211
  N -0.04683934  1.44870316 -0.16411211
  C  2.17476066  1.27669316 -1.21910211
  H  3.10340066  1.85127316 -1.33474211
  H  1.91825066  0.83424316 -2.19696211
  O -0.11990934 -0.91182684 -1.98796211
  P -2.43792934 -0.12886684  0.13354789
  C  1.06295066  2.12934316 -0.68502211
  C  1.16496066  3.50226316 -0.64329211
  H  2.06157066  3.96292316 -1.06591211
  C  0.14975066  4.30096316 -0.05457211
  H  0.22310066  5.38810316 -0.01486211
  C -0.96256934  3.60403316  0.49138789
  H -1.79173934  4.14984316  0.94935789
  C -1.04115934  2.23081316  0.43710789
  C -2.23728934  1.49512316  0.98217789
  H -3.14883934  2.10542316  0.91745789
  H -2.09236934  1.24019316  2.04686789
 Ru -0.03540934 -0.69387684  0.08680789
  H  0.60932066 -1.48717684 -2.24073211
  C -3.26911934  0.23808316 -1.54119211
  C -3.59422934 -1.14981684  1.25550789
  C  3.53089066 -1.38891684 -1.08817211
  C  3.27106066  0.40576316  1.46585789
  C  2.48188066  1.60227316  2.03506789
  H  2.58436066  2.48890316  1.39841789
  H  1.41249066  1.40807316  2.16686789
  H  2.90279066  1.84368316  3.02433789
  C  3.30962066 -0.73641684  2.50164789
  H  3.46409066 -0.30375684  3.50311789
  H  2.38350066 -1.32362684  2.53287789
  H  4.13645066 -1.42990684  2.31212789
  C  4.70098066  0.89881316  1.19495789
  H  5.09408066  1.34352316  2.12430789
  H  5.37964066  0.08548316  0.90959789
  H  4.72793066  1.67635316  0.41731789
  C  4.65327066 -0.61992684 -1.80578211
  H  5.29753066 -0.05587684 -1.12305211
  H  5.28643066 -1.35206684 -2.33433211
  H  4.25192066  0.07163316 -2.56026211
  C  4.11709066 -2.44847684 -0.14459211
  H  4.61099066 -3.22250684 -0.75416211
  H  4.87233066 -2.03403684  0.53400789
  H  3.33527066 -2.94104684  0.45315789
  C  2.71077066 -2.11907684 -2.16082211
  H  1.90885066 -2.72742684 -1.71970211
  H  2.29618066 -1.42502684 -2.90547211
  H  3.38368066 -2.80434684 -2.70077211
  C -3.24552934 -1.01799684 -2.42925211
  H -3.58351934 -0.73560684 -3.44055211
  H -2.22783934 -1.42122684 -2.50322211
  H -3.91970934 -1.80168684 -2.06523211
  C -4.71447934  0.72816316 -1.36931211
  H -5.08465934  1.04965316 -2.35720211
  H -5.38682934 -0.06113684 -1.00972211
  H -4.78598934  1.59274316 -0.69268211
  C -2.47142934  1.35752316 -2.23573211
  H -2.52996934  2.30589316 -1.68439211
  H -1.41704934  1.09357316 -2.36352211
  H -2.91625934  1.52051316 -3.23112211
  C -2.79116934 -1.68217684  2.45046789
  H -1.96806934 -2.33860684  2.13893789
  H -2.38965934 -0.87134684  3.07095789
  H -3.47298934 -2.27378684  3.08272789
  C -4.74017934 -0.28780684  1.81305789
  H -5.38637934  0.12992316  1.03404789
  H -5.36658934 -0.92550684  2.45900789
  H -4.36285934  0.53694316  2.43453789
  C -4.15162934 -2.35245684  0.48094789
  H -4.66895934 -3.01666684  1.19221789
  H -4.88097934 -2.05637684 -0.28355211
  H -3.35070934 -2.93434684  0.00009789
  O -0.20891934 -2.66914684  0.07637789
  C  0.02166066 -0.59009684  1.92428789
  H -0.26999934 -2.83204684 -0.88320211
  O  0.07687066 -0.53202684  3.08171789
76

  P  2.40127194 -0.19890803 -0.11673284
  N -0.04212773  1.45639498 -0.16027189
  C  2.17667563  1.27605195 -1.21162234
  H  3.10542212  1.85087416 -1.32484165
  H  1.92046233  0.83936621 -2.19207739
  O -0.12639876 -0.95003236 -1.98552631
  P -2.44005630 -0.13347121  0.13600470
  C  1.06391330  2.13068877 -0.68151880
  C  1.16301154  3.50613142 -0.64980724
  H  2.05800620  3.96873552 -1.07329855
  C  0.14322229  4.30067598 -0.06867158
  H  0.21264379  5.38848734 -0.03567997
  C -0.96783703  3.60759464  0.47864733
  H -1.79835707  4.15469092  0.93218751
  C -1.04046928  2.23155252  0.43114427
  C -2.23470047  1.49346056  0.97991527
  H -3.14584419  2.10454191  0.91787132
  H -2.08446610  1.24178350  2.04455469
 Ru -0.03517470 -0.73475677  0.08979973
  H  0.61389865 -1.50867350 -2.24363673
  C -3.27085243  0.23657395 -1.53894661
  C -3.60754532 -1.13908261  1.26095934
  C  3.54297458 -1.37910133 -1.09351453
  C  3.27201667  0.40099259  1.46907434
  C  2.47203433  1.58722595  2.04456673
  H  2.56511401  2.47819437  1.41228550
  H  1.40484563  1.38090060  2.17652600
  H  2.89146555  1.82880674  3.03445394
  C  3.32048087 -0.74519122  2.49994760
  H  3.47521209 -0.31588999  3.50287073
  H  2.39776338 -1.33769938  2.53107851
  H  4.15091859 -1.43293578  2.30527306
  C  4.69772940  0.90695674  1.20064060
  H  5.08813428  1.34946164  2.13224753
  H  5.38242884  0.10041530  0.91030198
  H  4.71876309  1.68909855  0.42742365
  C  4.66054525 -0.60103045 -1.80858147
  H  5.30048434 -0.03422394 -1.12400046
  H  5.29919602 -1.32729504 -2.33870746
  H  4.25518069  0.08977556 -2.56159671
  C  4.13634382 -2.43981857 -0.15577155
  H  4.63325550 -3.20887097 -0.76923928
  H  4.89051004 -2.02408448  0.52330249
  H  3.35809378 -2.93877527  0.44138788
  C  2.72540920 -2.10879057 -2.16853520
  H  1.93055609 -2.72705569 -1.72832642
  H  2.30105487 -1.41292781 -2.90607563
  H  3.40183329 -2.78422614 -2.71649326
  C -3.25648016 -1.02269841 -2.42287752
  H -3.59250335 -0.74160777 -3.43522200
  H -2.24198285 -1.43416662 -2.49572568
  H -3.93632266 -1.80018552 -2.05606850
  C -4.71229398  0.73884848 -1.37066828
  H -5.07970008  1.05918585 -2.36003468
  H -5.39103638 -0.04359448 -1.00802901
  H -4.77752110  1.60675042 -0.69764016
  C -2.46342192  1.34650714 -2.23755105
  H -2.51739052  2.29871762 -1.69237495
  H -1.41031499  1.07492254 -2.36102990
  H -2.90359552  1.50699911 -3.23544028
  C -2.80828106 -1.67428203  2.45721614
  H -1.99337821 -2.34143590  2.14678341
  H -2.39527218 -0.86506174  3.07236672
  H -3.49502015 -2.25489116  3.09441217
  C -4.74726316 -0.26744811  1.81596306
  H -5.38781510  0.15625972  1.03545896
  H -5.38101802 -0.89948350  2.46037666
  H -4.36432758  0.55391296  2.43849247
  C -4.17389773 -2.34003362  0.49028295
  H -4.69550525 -2.99884336  1.20350408
  H -4.90149328 -2.04108262 -0.27479729
  H -3.37726388 -2.92876890  0.01055854
  O -0.19016095 -2.72084525  0.07173132
  C  0.02633227 -0.63281266  1.92535204
  H -0.25225883 -2.87453764 -0.88797216
  O  0.08214403 -0.57691581  3.08394210
76

  P  2.40306763 -0.20441800 -0.11461566
  N -0.03757462  1.46418365 -0.15626476
  C  2.17841617  1.27548158 -1.20408121
  H  3.10729077  1.85051836 -1.31478887
  H  1.92253742  0.84470268 -2.18716298
  O -0.13285354 -0.98856630 -1.98373789
  P -2.44173521 -0.13809116  0.13824517
  C  1.06477113  2.13213908 -0.67776575
  C  1.16108593  3.51001967 -0.65595362
  H  2.05447764  3.97452201 -1.08032402
  C  0.13685000  4.30037435 -0.08228126
  H  0.20242275  5.38879368 -0.05590987
  C -0.97300605  3.61113773  0.46622338
  H -1.80487851  4.15946014  0.91535183
  C -1.03967660  2.23234964  0.42535626
  C -2.23179247  1.49173164  0.97757329
  H -3.14262680  2.10344948  0.91833178
  H -2.07611685  1.24321657  2.04208599
 Ru -0.03493203 -0.77565146  0.09203974
  H  0.61809082 -1.53031673 -2.24712854
  C -3.27232363  0.23498936 -1.53683218
  C -3.62003543 -1.12823272  1.26637628
  C  3.55455348 -1.36929002 -1.09871197
  C  3.27243206  0.39625480  1.47220840
  C  2.46175176  1.57214438  2.05381450
  H  2.54549845  2.46730567  1.42590486
  H  1.39686995  1.35377601  2.18576981
  H  2.87960719  1.81389748  3.04435684
  C  3.33067049 -0.75379386  2.49819338
  H  3.48561307 -0.32780293  3.50254331
  H  2.41135786 -1.35154155  2.52914716
  H  4.16465840 -1.43579501  2.29849449
  C  4.69388466  0.91500001  1.20641445
  H  5.08155703  1.35528631  2.14028170
  H  5.38455352  0.11527527  0.91122095
  H  4.70907107  1.70164508  0.43761961
  C  4.66742900 -0.58229673 -1.81107558
  H  5.30297587 -0.01280455 -1.12456210
  H  5.31154424 -1.30271609 -2.34264212
  H  4.25822560  0.10773992 -2.56271083
  C  4.15488051 -2.43110628 -0.16669655
  H  4.65479445 -3.19521645 -0.78394636
  H  4.90790818 -2.01411548  0.51294170
  H  3.38011264 -2.93634179  0.42975928
  C  2.73961974 -2.09846800 -2.17617740
  H  1.95181007 -2.72649733 -1.73704562
  H  2.30566534 -1.40095221 -2.90665410
  H  3.41946416 -2.76406449 -2.73195212
  C -3.26718964 -1.02739669 -2.41661927
  H -3.60140251 -0.74765445 -3.42996356
  H -2.25592211 -1.44698822 -2.48843446
  H -3.95253919 -1.79868733 -2.04695828
  C -4.70977009  0.74928765 -1.37202672
  H -5.07456129  1.06840897 -2.36282005
  H -5.39474071 -0.02628998 -1.00627891
  H -4.76867599  1.62044828 -0.70260966
  C -2.45541188  1.33538328 -2.23956611
  H -2.50477189  2.29137556 -1.70058308
  H -1.40363155  1.05628966 -2.35884058
  H -2.89109813  1.49325734 -3.23986570
  C -2.82436103 -1.66618621  2.46381127
  H -2.01781501 -2.34395176  2.15440662
  H -2.39979408 -0.85873083  3.07351876
  H -3.51575178 -2.23572503  3.10602876
  C -4.75337635 -0.24703737  1.81898289
  H -5.38835984  0.18253644  1.03707728
  H -5.39429818 -0.87333047  2.46197555
  H -4.36478663  0.57093139  2.44247138
  C -4.19543642 -2.32745457  0.49972078
  H -4.72113965 -2.98082131  1.21499404
  H -4.92140383 -2.02568588 -0.26582571
  H -3.40320774 -2.92299719  0.02101676
  O -0.17174403 -2.77224828  0.06708390
  C  0.03090402 -0.67544847  1.92565247
  H -0.23492260 -2.91689836 -0.89298048
  O  0.08724086 -0.62170158  3.08539929
76

  P  2.40446294 -0.20993780 -0.11262600
  N -0.03320463  1.47206821 -0.15211195
  C  2.17996334  1.27496820 -1.19648105
  H  3.10898293  1.85019674 -1.30459485
  H  1.92446016  0.85021837 -2.18221042
  O -0.13925807 -1.02739879 -1.98259010
  P -2.44296406 -0.14271481  0.14027892
  C  1.06549549  2.13368598 -0.67380160
  C  1.15914806  3.51392472 -0.66180382
  H  2.05094784  3.98027387 -1.08707067
  C  0.13059396  4.30006676 -0.09549074
  H  0.19239276  5.38903418 -0.07566715
  C -0.97810726  3.61467718  0.45405375
  H -1.81133319  4.16417330  0.89878247
  C -1.03880604  2.23321538  0.41971396
  C -2.22858059  1.48995249  0.97515129
  H -3.13920541  2.10215601  0.91883489
  H -2.06733543  1.24452675  2.03946393
 Ru -0.03467458 -0.81655556  0.09354412
  H  0.62190614 -1.55209429 -2.25120449
  C -3.27353431  0.23334899 -1.53483629
  C -3.63169100 -1.11726977  1.27176694
  C  3.56564755 -1.35948240 -1.10375532
  C  3.27231199  0.39152660  1.47527888
  C  2.45103408  1.55700191  2.06283839
  H  2.52551331  2.45621770  1.43930729
  H  1.38856319  1.32667077  2.19462744
  H  2.86721694  1.79892103  3.05407503
  C  3.34019741 -0.76225857  2.49639751
  H  3.49530074 -0.33953760  3.50215211
  H  2.42429215 -1.36518895  2.52709331
  H  4.17768074 -1.43851691  2.29179825
  C  4.68945213  0.92292452  1.21229913
  H  5.07435378  1.36097206  2.14843310
  H  5.38602332  0.13004643  0.91236816
  H  4.69885845  1.71398201  0.44793007
  C  4.67393647 -0.56371060 -1.81325415
  H  5.30501568  0.00839849 -1.12472588
  H  5.32349730 -1.27830810 -2.34612883
  H  4.26106319  0.12554383 -2.56359125
  C  4.17273192 -2.42234289 -0.17736216
  H  4.67564685 -3.18153963 -0.79828292
  H  4.92455356 -2.00413077  0.50293187
  H  3.40136167 -2.93375995  0.41827670
  C  2.75342856 -2.08810922 -2.18374266
  H  1.97264215 -2.72576203 -1.74585262
  H  2.31003067 -1.38909580 -2.90720154
  H  3.43660953 -2.74385581 -2.74714720
  C -3.27765504 -1.03206941 -2.41046873
  H -3.61021582 -0.75371908 -3.42476689
  H -2.26965108 -1.45966756 -2.48134217
  H -3.96835469 -1.79717500 -2.03789453
  C -4.70691447  0.75949707 -1.37337217
  H -5.06925177  1.07734452 -2.36554168
  H -5.39794762 -0.00921213 -1.00445808
  H -4.75946421  1.63385068 -0.70757268
  C -2.44740287  1.32417949 -2.24176260
  H -2.49212225  2.28389230 -1.70899829
  H -1.39699830  1.03770526 -2.35694128
  H -2.87877277  1.47932199 -3.24438385
  C -2.83939623 -1.65789520  2.47025994
  H -2.04136126 -2.34615381  2.16181464
  H -2.40322012 -0.85236049  3.07441978
  H -3.53516569 -2.21630295  3.11758298
  C -4.75851691 -0.22658658  1.82212729
  H -5.38801575  0.20874295  1.03891232
  H -5.40642517 -0.84706821  2.46381361
  H -4.36423782  0.58798558  2.44648712
  C -4.21622846 -2.31472112  0.50926725
  H -4.74584090 -2.96260958  1.22669158
  H -4.94069656 -2.01018725 -0.25663039
  H -3.42851985 -2.91702607  0.03147725
  O -0.15373656 -2.82337638  0.06236432
  C  0.03537828 -0.71800329  1.92520654
  H -0.21805140 -2.95912881 -0.89826218
  O  0.09216293 -0.66637915  3.08610704
76

  P  2.40546244 -0.21547698 -0.11074882
  N -0.02903576  1.48004776 -0.14783888
  C  2.18130080  1.27449878 -1.18882458
  H  3.11047853  1.84989963 -1.29427065
  H  1.92621709  0.85588018 -2.17721218
  O -0.14559884 -1.06649684 -1.98207366
  P -2.44374147 -0.14733127  0.14211663
  C  1.06606294  2.13532250 -0.66966611
  C  1.15716724  3.51784324 -0.66743043
  H  2.04738486  3.98598278 -1.09361981
  C  0.12441891  4.29975980 -0.10838900
  H  0.18251315  5.38921824 -0.09506527
  C -0.98316734  3.61822526  0.44207500
  H -1.81774676  4.16884953  0.88241003
  C -1.03787811  2.23415880  0.41418531
  C -2.22507830  1.48813846  0.97264792
  H -3.13559559  2.10067212  0.91937553
  H -2.05813377  1.24574817  2.03668978
 Ru -0.03439792 -0.85746236  0.09433190
  H  0.62535404 -1.57398846 -2.25585878
  C -3.27448608  0.23167142 -1.53294543
  C -3.64250526 -1.10619793  1.27713923
  C  3.57627381 -1.34967701 -1.10863562
  C  3.27166143  0.38678653  1.47830462
  C  2.43988320  1.54177435  2.07166480
  H  2.50515930  2.44491279  1.45252307
  H  1.37992573  1.29955937  2.20312605
  H  2.85429721  1.78384560  3.06363601
  C  3.34906869 -0.77061669  2.49457279
  H  3.50428177 -0.35113309  3.50171370
  H  2.43657311 -1.37867405  2.52492713
  H  4.18999483 -1.44113188  2.28519139
  C  4.68443752  0.93071232  1.21831446
  H  5.06652978  1.36649447  2.15672420
  H  5.38684622  0.14471227  0.91375766
  H  4.68812958  1.72609849  0.45837920
  C  4.68007887 -0.54525730 -1.81510760
  H  5.30661179  0.02940122 -1.12448179
  H  5.33507250 -1.25404987 -2.34916140
  H  4.26369802  0.14320476 -2.56422508
  C  4.18992579 -2.41353050 -0.18776413
  H  4.69584720 -3.16783632 -0.81224954
  H  4.94047206 -1.99413117  0.49327811
  H  3.42187212 -2.93104165  0.40694442
  C  2.76685733 -2.07771261 -2.19122441
  H  1.99307744 -2.72485734 -1.75473945
  H  2.31416486 -1.37735272 -2.90771095
  H  3.45329955 -2.72359258 -2.76207676
  C -3.28787394 -1.03669551 -2.40441626
  H -3.61894235 -0.75977508 -3.41962107
  H -2.28316408 -1.47218195 -2.47444145
  H -3.98376542 -1.79563242 -2.02886930
  C -4.70373411  0.76949253 -1.37468842
  H -5.06378026  1.08601390 -2.36818214
  H -5.40066277  0.00764977 -1.00255184
  H -4.74989612  1.64697109 -0.71251036
  C -2.43939843  1.31292260 -2.24412487
  H -2.47945019  2.27629231 -1.71760145
  H -1.39041447  1.01919867 -2.35531818
  H -2.86662469  1.46522617 -3.24897930
  C -2.85337667 -1.64941674  2.47656901
  H -2.06400103 -2.34804347  2.16901523
  H -2.40554912 -0.84595884  3.07507634
  H -3.55324725 -2.19664171  3.12907950
  C -4.76268537 -0.20610920  1.82540512
  H -5.38678693  0.23486769  1.04097215
  H -5.41739752 -0.82071892  2.46589810
  H -4.36268561  0.60506110  2.45055162
  C -4.23625799 -2.30183634  0.51892713
  H -4.76958928 -2.94421900  1.23859881
  H -4.95935738 -1.99458874 -0.24720596
  H -3.45317967 -2.91085153  0.04194419
  O -0.13619057 -2.87424997  0.05749760
  C  0.03975554 -0.76047516  1.92403437
  H -0.20168904 -3.00122918 -0.90385286
  O  0.09691022 -0.71094230  3.08608568
76

  P  2.40606997 -0.22104341 -0.10896904
  N -0.02507908  1.48812169 -0.14347393
  C  2.18241517  1.27406150 -1.18111458
  H  3.11176156  1.84961703 -1.28382692
  H  1.92779733  0.86165698 -2.17216161
  O -0.15186489 -1.10582519 -1.98217679
  P -2.44406680 -0.15193092  0.14376970
  C  1.06645577  2.13704312 -0.66539886
  C  1.15511859  3.52177215 -0.67290393
  H  2.04376267  3.99164132 -1.10004972
  C  0.11829486  4.29945843 -0.12106196
  H  0.17274829  5.38935289 -0.11421289
  C -0.98820826  3.62179179  0.43022441
  H -1.82414061  4.17350453  0.86616600
  C -1.03690867  2.23518726  0.40873718
  C -2.22129707  1.48630389  0.97006141
  H -3.13180993  2.09900867  0.91994804
  H -2.04852202  1.24691385  2.03376407
 Ru -0.03410001 -0.89836384  0.09442458
  H  0.62844383 -1.59597666 -2.26108280
  C -3.27518079  0.22997379 -1.53114552
  C -3.65247375 -1.09502289  1.28250049
  C  3.58644594 -1.33987177 -1.11334429
  C  3.27048526  0.38201539  1.48130396
  C  2.42830194  1.52644053  2.08031857
  H  2.48443853  2.43337564  1.46558041
  H  1.37095877  1.27242020  2.21129121
  H  2.84085152  1.76864287  3.07306547
  C  3.35729055 -0.77889641  2.49273216
  H  3.51256243 -0.36262471  3.50124439
  H  2.44820641 -1.39202552  2.52265930
  H  4.20160857 -1.44366769  2.27868166
  C  4.67884663  0.93834644  1.22447948
  H  5.05809084  1.37183050  2.16517628
  H  5.38702968  0.15925667  0.91540340
  H  4.67688933  1.73798388  0.46898998
  C  4.68586406 -0.52692296 -1.81662750
  H  5.30776991  0.05021811 -1.12382151
  H  5.34628231 -1.22992176 -2.35173512
  H  4.26613151  0.16073943 -2.56460030
  C  4.20648603 -2.40467070 -0.19789905
  H  4.71542467 -3.15410229 -0.82584772
  H  4.95568662 -1.98411765  0.48398402
  H  3.44167155 -2.92819716  0.39576641
  C  2.77992268 -2.06727509 -2.19861561
  H  2.01313599 -2.72378820 -1.76369727
  H  2.31807714 -1.36571588 -2.90817455
  H  3.46955780 -2.70326640 -2.77673883
  C -3.29784423 -1.04125572 -2.39845140
  H -3.62758112 -0.76579779 -3.41451448
  H -2.29645582 -1.48451081 -2.46772392
  H -3.99876821 -1.79404510 -2.01987379
  C -4.70023616  0.77928876 -1.37595889
  H -5.05815532  1.09443734 -2.37072374
  H -5.40289225  0.02430547 -1.00054507
  H -4.73998219  1.65982223 -0.71740360
  C -2.43140190  1.30163771 -2.24663680
  H -2.46676409  2.26859858 -1.72637306
  H -1.38387914  1.00079715 -2.35395687
  H -2.85465864  1.45100124 -3.25363623
  C -2.86629607 -1.64076045  2.48274531
  H -2.08572166 -2.34962432  2.17601674
  H -2.40678408 -0.83953568  3.07549560
  H -3.56998650 -2.17676023  3.14052215
  C -4.76588517 -0.18561989  1.82882380
  H -5.38467950  0.26089820  1.04326302
  H -5.42721748 -0.79430603  2.46823409
  H -4.36013782  0.62214234  2.45467578
  C -4.25551088 -2.28880492  0.52870388
  H -4.79236770 -2.92566214  1.25071585
  H -4.97737310 -1.97889374 -0.23754890
  H -3.47716792 -2.90447140  0.05242105
  O -0.11914063 -2.92488851  0.05240779
  C  0.04403474 -0.80286086  1.92215862
  H -0.18586156 -3.04319954 -0.90978729
  O  0.10148155 -0.75538334  3.08535804
76

  P  2.40628869 -0.22664315 -0.10727202
  N -0.02133858  1.49628987 -0.13904712
  C  2.18329636  1.27364597 -1.17335369
  H  3.11282042  1.84933882 -1.27327348
  H  1.92919280  0.86752043 -2.16705290
  O -0.15804813 -1.14534755 -1.98288540
  P -2.44394031 -0.15650572  0.14524996
  C  1.06666242  2.13884397 -0.66103787
  C  1.15298359  3.52570892 -0.67829057
  H  2.04006174  3.99724339 -1.10643319
  C  0.11219782  4.29916626 -0.13359006
  H  0.16306841  5.38944321 -0.13321090
  C -0.99324690  3.62538433  0.41844188
  H -1.83053137  4.17815071  0.84998477
  C -1.03590872  2.23630645  0.40333661
  C -2.21724629  1.48446174  0.96738973
  H -3.12785793  2.09717648  0.92054653
  H -2.03850847  1.24805497  2.03068669
 Ru -0.03378111 -0.93925075  0.09384573
  H  0.63118410 -1.61803242 -2.26686527
  C -3.27562059  0.22827120 -1.52942228
  C -3.66159471 -1.08375171  1.28785723
  C  3.59617412 -1.33006421 -1.11787342
  C  3.26878818  0.37719670  1.48429409
  C  2.41629387  1.51098297  2.08882227
  H  2.46335443  2.42159386  1.47850449
  H  1.36166423  1.24523618  2.21914634
  H  2.82688454  1.75328882  3.08238650
  C  3.36486849 -0.78712212  2.49088832
  H  3.52014864 -0.37404316  3.50075970
  H  2.45919660 -1.40526765  2.52030081
  H  4.21252859 -1.44614896  2.27227724
  C  4.67268543  0.94581139  1.23081171
  H  5.04904333  1.37695912  2.17380854
  H  5.38658064  0.17366439  0.91731860
  H  4.66514313  1.74962818  0.47978323
  C  4.69129662 -0.50869514 -1.81780695
  H  5.30849365  0.07086152 -1.12273887
  H  5.35713446 -1.20590634 -2.35384697
  H  4.26836217  0.17816324 -2.56470624
  C  4.22243242 -2.39576478 -0.20776435
  H  4.73440271 -3.14033371 -0.83907987
  H  4.97021701 -1.97409162  0.47505164
  H  3.46078338 -2.92523524  0.38474631
  C  2.79263611 -2.05679254 -2.20590907
  H  2.03283256 -2.72255713 -1.77271652
  H  2.32177197 -1.35417721 -2.90858411
  H  3.48540110 -2.68286863 -2.79113133
  C -3.30756415 -1.04573319 -2.39256315
  H -3.63613114 -0.77176525 -3.40943511
  H -2.30952146 -1.49663627 -2.46118039
  H -4.01336056 -1.79240070 -2.01089851
  C -4.69642796  0.78889904 -1.37716722
  H -5.05238529  1.10263337 -2.37314914
  H -5.40464266  0.04076354 -0.99842273
  H -4.72973307  1.67241565 -0.72223378
  C -2.42341645  1.29034755 -2.24928232
  H -2.45407198  2.26083209 -1.73529394
  H -1.37739128  0.98252520 -2.35284273
  H -2.84287877  1.43667598 -3.25833903
  C -2.87815232 -1.63193771  2.48879545
  H -2.10651435 -2.35090210  2.18282795
  H -2.40693257 -0.83310234  3.07568507
  H -3.58537876 -2.15667909  3.15191382
  C -4.76812275 -0.16513409  1.83238891
  H -5.38170172  0.28682154  1.04578889
  H -5.43589125 -0.76785360  2.47082417
  H -4.35660567  0.63921284  2.45886905
  C -4.27397531 -2.27563302  0.53859948
  H -4.81416247 -2.90695296  1.26304075
  H -4.99473187 -1.96310683 -0.22765783
  H -3.50046724 -2.89788540  0.06291052
  O -0.10260264 -2.97530970  0.04702070
  C  0.04821361 -0.84515573  1.91960395
  H -0.17057684 -3.08503932 -0.91609816
  O  0.10587531 -0.79969287  3.08394886
76

  P  2.40609295 -0.23228304 -0.10561283
  N -0.01784383  1.50455389 -0.13457778
  C  2.18389644  1.27324629 -1.16553195
  H  3.11360236  1.84906489 -1.26260698
  H  1.93036459  0.87343723 -2.16186615
  O -0.16422617 -1.18501625 -1.98418631
  P -2.44338305 -0.16105114  0.14653898
  C  1.06663635  2.14071936 -0.65662489
  C  1.15072099  3.52964787 -0.68366053
  H  2.03623961  4.00277196 -1.11285599
  C  0.10609990  4.29889115 -0.14603607
  H  0.15344765  5.38949759 -0.15213958
  C -0.99829599  3.62901844  0.40670084
  H -1.83692567  4.18280904  0.83384477
  C -1.03488916  2.23753149  0.39797467
  C -2.21293692  1.48263003  0.96462476
  H -3.12374515  2.09519962  0.92116036
  H -2.02811171  1.24918967  2.02744871
 Ru -0.03346785 -0.98011440  0.09261645
  H  0.63348858 -1.64011853 -2.27321995
  C -3.27582195  0.22655356 -1.52779981
  C -3.66990129 -1.07237248  1.29318871
  C  3.60544867 -1.32023739 -1.12218967
  C  3.26653970  0.37229156  1.48733406
  C  2.40382649  1.49535506  2.09725077
  H  2.44187840  2.40953348  1.49138489
  H  1.35200697  1.21796112  2.22675868
  H  2.81236079  1.73771682  3.09167943
  C  3.37176669 -0.79535365  2.48908113
  H  3.52700092 -0.38546791  3.50030823
  H  2.46950607 -1.41845941  2.51787751
  H  4.22272037 -1.44863379  2.26600904
  C  4.66592649  0.95307036  1.23738432
  H  5.03935672  1.38182538  2.18270288
  H  5.38547294  0.18790198  0.91956566
  H  4.65286744  1.76100946  0.49084581
  C  4.69636063 -0.49053567 -1.81860019
  H  5.30876044  0.09136510 -1.12118029
  H  5.36762126 -1.18195239 -2.35545878
  H  4.27036851  0.19552273 -2.56448848
  C  4.23776514 -2.38680535 -0.21733956
  H  4.75279120 -3.12650954 -0.85193517
  H  4.98405831 -1.96404935  0.46650864
  H  3.47921110 -2.92216496  0.37389668
  C  2.80499738 -2.04623921 -2.21308283
  H  2.05217108 -2.72115214 -1.78178331
  H  2.32524265 -1.34270281 -2.90891217
  H  3.50083956 -2.66236031 -2.80523977
  C -3.31704534 -1.05014786 -2.38676180
  H -3.64460090 -0.77770540 -3.40439698
  H -2.32237008 -1.50857973 -2.45481346
  H -4.02755588 -1.79071741 -2.00194768
  C -4.69233078  0.79831567 -1.37834765
  H -5.04648855  1.11058671 -2.37549704
  H -5.40593704  0.05701786 -0.99621281
  H -4.71917412  1.68475093 -0.72704488
  C -2.41545550  1.27903876 -2.25209504
  H -2.44139225  2.25298466 -1.74440749
  H -1.37096036  0.96436809 -2.35200337
  H -2.83129597  1.42223032 -3.26312493
  C -2.88898962 -1.62293559  2.49470840
  H -2.12642141 -2.35186842  2.18945132
  H -2.40604447 -0.82664384  3.07562915
  H -3.59947420 -2.13638155  3.16324109
  C -4.76943376 -0.14463206  1.83606375
  H -5.37788294  0.31265735  1.04850378
  H -5.44346298 -0.74133748  2.47363157
  H -4.35212529  0.65629429  2.46309210
  C -4.29168159 -2.26230995  0.54859776
  H -4.83501175 -2.88807598  1.27555711
  H -5.01145708 -1.94721685 -0.21755633
  H -3.52310582 -2.89108858  0.07340748
  O -0.08659963 -3.02552976  0.04124678
  C  0.05088125 -0.88744585  1.91646242
  H -0.15591617 -3.12673967 -0.92283206
  O  0.11342562 -0.84362409  3.08169185
76

  P  2.40551333 -0.23796224 -0.10401034
  N -0.01455062  1.51291457 -0.13010706
  C  2.18425544  1.27285422 -1.15766177
  H  3.11415278  1.84877681 -1.25184428
  H  1.93134622  0.87939726 -2.15661069
  O -0.17031166 -1.22480950 -1.98605956
  P -2.44237777 -0.16556099  0.14767811
  C  1.06642172  2.14267417 -0.65218373
  C  1.14835670  3.53359383 -0.68905414
  H  2.03232221  4.00823921 -1.11935067
  C  0.10000053  4.29863041 -0.15847240
  H  0.14387162  5.38951416 -0.17108559
  C -1.00336063  3.63268783  0.39492155
  H -1.84333619  4.18747380  0.81765071
  C -1.03384597  2.23885441  0.39259791
  C -2.20836985  1.48081178  0.96176856
  H -3.11947528  2.09307462  0.92178650
  H -2.01732397  1.25035421  2.02405575
 Ru -0.03314018 -1.02094143  0.09076544
  H  0.63545973 -1.66221392 -2.28010290
  C -3.27577506  0.22485229 -1.52622714
  C -3.67736481 -1.06091325  1.29852604
  C  3.61429008 -1.31040209 -1.12631433
  C  3.26378002  0.36731441  1.49039410
  C  2.39094224  1.47957972  2.10556574
  H  2.42005020  2.39721290  1.50417191
  H  1.34202831  1.19062076  2.23409928
  H  2.79732854  1.72195848  3.10090070
  C  3.37803032 -0.80356869  2.48729355
  H  3.53317003 -0.39686741  3.49986842
  H  2.47917885 -1.43157736  2.51538434
  H  4.23222876 -1.45110366  2.25986185
  C  4.65861029  0.96013405  1.24415313
  H  5.02907656  1.38644869  2.19180827
  H  5.38374624  0.20197550  0.92210490
  H  4.64009901  1.77213218  0.50212481
  C  4.70107307 -0.47246241 -1.81904478
  H  5.30859562  0.11171277 -1.11919404
  H  5.37775311 -1.15808382 -2.35660886
  H  4.27216254  0.21279853 -2.56398516
  C  4.25251097 -2.37780217 -0.22664460
  H  4.77060969 -3.11264519 -0.86443386
  H  4.99724534 -1.95399992  0.45832518
  H  3.49698483 -2.91899053  0.36320890
  C  2.81701488 -2.03562849 -2.22014590
  H  2.07116090 -2.71958196 -1.79089291
  H  2.32849188 -1.33130617 -2.90917046
  H  3.51587700 -2.64176171 -2.81907604
  C -3.32627590 -1.05445726 -2.38101374
  H -3.65298259 -0.78355976 -3.39936133
  H -2.33498662 -1.52029625 -2.44859957
  H -4.04133973 -1.78896207 -1.99299530
  C -4.68793981  0.80756557 -1.37943629
  H -5.04046462  1.11834023 -2.37769786
  H -5.40676806  0.07308579 -0.99385883
  H -4.70830245  1.69684609 -0.73176081
  C -2.40751321  1.26775887 -2.25501303
  H -2.42872317  2.24509657 -1.75363786
  H -1.36457659  0.94637694 -2.35138503
  H -2.81990846  1.40772853 -3.26792944
  C -2.89877146 -1.61379135  2.50050791
  H -2.14539509 -2.35254687  2.19590373
  H -2.40409681 -0.82019864  3.07535846
  H -3.61222834 -2.11592530  3.17452136
  C -4.76980309 -0.12416318  1.83989020
  H -5.37321535  0.33836136  1.05145411
  H -5.44991105 -0.71482657  2.47669134
  H -4.34669064  0.67333382  2.46739683
  C -4.30858426 -2.24886129  0.55871628
  H -4.85486153 -2.86907522  1.28827437
  H -5.02750770 -1.93124652 -0.20722238
  H -3.54502926 -2.88409022  0.08392226
  O -0.07108216 -3.07555921  0.03504459
  C  0.05343974 -0.92963211  1.91269788
  H -0.14175820 -3.16830659 -0.92999536
  O  0.12076882 -0.88740401  3.07879307
76

  P  2.40455088 -0.24368093 -0.10245446
  N -0.01144320  1.52137361 -0.12566120
  C  2.18437426  1.27246509 -1.14974416
  H  3.11447428  1.84846582 -1.24099055
  H  1.93213909  0.88538513 -2.15128288
  O -0.17630563 -1.26469613 -1.98848765
  P -2.44092795 -0.17003297  0.14867771
  C  1.06602582  2.14470969 -0.64773997
  C  1.14589317  3.53754709 -0.69451263
  H  2.02831164  4.01364451 -1.12596062
  C  0.09389640  4.29838508 -0.17094905
  H  0.13433223  5.38949396 -0.19010981
  C -1.00844075  3.63639416  0.38306319
  H -1.84976370  4.19214824  0.80135761
  C -1.03277512  2.24027670  0.38718129
  C -2.20354736  1.47901420  0.95881950
  H -3.11504782  2.09081040  0.92242019
  H -2.00614796  1.25156925  2.02050654
 Ru -0.03280429 -1.06172041  0.08831745
  H  0.63710129 -1.68428890 -2.28749773
  C -3.27548367  0.22317431 -1.52469241
  C -3.68399214 -1.04938379  1.30387195
  C  3.62269920 -1.30055636 -1.13024308
  C  3.26051275  0.36225924  1.49348451
  C  2.37764545  1.46365329  2.11377840
  H  2.39787535  2.38463107  1.51687638
  H  1.33173055  1.16321398  2.24118078
  H  2.78179364  1.70600670  3.11006108
  C  3.38366211 -0.81177740  2.48553527
  H  3.53865978 -0.40825469  3.49945102
  H  2.48821592 -1.44463023  2.51283133
  H  4.24105664 -1.45357068  2.25384344
  C  4.65074245  0.96699432  1.25112702
  H  5.01820966  1.39081832  2.20113346
  H  5.38140596  0.21587504  0.92494392
  H  4.62684402  1.78299067  0.51362973
  C  4.70543119 -0.45446973 -1.81913985
  H  5.30799877  0.13190862 -1.11678176
  H  5.38752630 -1.13429359 -2.35729980
  H  4.27373732  0.22999933 -2.56319208
  C  4.26667692 -2.36875718 -0.23567973
  H  4.78786450 -3.09874054 -0.87658022
  H  5.00978767 -1.94394713  0.45049866
  H  3.51411416 -2.91571682  0.35268538
  C  2.82868618 -2.02495546 -2.22709205
  H  2.08980109 -2.71784389 -1.80003521
  H  2.33151255 -1.31997875 -2.90935199
  H  3.53051202 -2.62106701 -2.83263826
  C -3.33525650 -1.05865451 -2.37530822
  H -3.66127668 -0.78931789 -3.39431692
  H -2.34736921 -1.53177915 -2.44252859
  H -4.05471302 -1.78713101 -1.98403115
  C -4.68326339  0.81665570 -1.38042059
  H -5.03432183  1.12590468 -2.37973873
  H -5.40714428  0.08897088 -0.99134858
  H -4.69712919  1.70870783 -0.73636826
  C -2.39959287  1.25652039 -2.25802407
  H -2.41607218  2.23717983 -1.76297123
  H -1.35823947  0.92856454 -2.35097617
  H -2.80871963  1.39318786 -3.27274115
  C -2.90750863 -1.60451977  2.50619863
  H -2.16343991 -2.35294899  2.20219376
  H -2.40110962 -0.81378109  3.07487953
  H -3.62365293 -2.09533275  3.18575410
  C -4.76924519 -0.10374213  1.84386728
  H -5.36771243  0.36392220  1.05463610
  H -5.45525257 -0.68834215  2.47999837
  H -4.34032064  0.69031572  2.47178633
  C -4.32468109 -2.23529591  0.56895254
  H -4.87371115 -2.84996567  1.30118522
  H -5.04287887 -1.91520216 -0.19666070
  H -3.56622992 -2.87689520  0.09445505
  O -0.05600960 -3.12540689  0.02836196
  C  0.05588551 -0.97170474  1.90833550
  H -0.12805989 -3.20973685 -0.93760754
  O  0.12790358 -0.93101802  3.07527888
76

  P  2.40320595 -0.24943743 -0.10093760
  N -0.00850075  1.52993317 -0.12126240
  C  2.18425741  1.27207635 -1.14177930
  H  3.11457387  1.84812423 -1.23004872
  H  1.93274783  0.89139088 -2.14587974
  O -0.18221188 -1.30464962 -1.99145359
  P -2.43903805 -0.17446688  0.14954657
  C  1.06546152  2.14682862 -0.64331275
  C  1.14333973  3.54150896 -0.70006550
  H  2.02421719  4.01898904 -1.13271589
  C  0.08779139  4.29815583 -0.18350205
  H  0.12482943  5.38943738 -0.20925527
  C -1.01353056  3.64013774  0.37109480
  H -1.85620349  4.19683327  0.78493101
  C -1.03166796  2.24179885  0.38170476
  C -2.19846917  1.47724225  0.95577634
  H -3.11045894  2.08841483  0.92305768
  H -1.99458443  1.25285064  2.01679961
 Ru -0.03246781 -1.10243987  0.08529545
  H  0.63841476 -1.70631625 -2.29538790
  C -3.27495236  0.22152323 -1.52318556
  C -3.68979266 -1.03779388  1.30922769
  C  3.63067450 -1.29069882 -1.13397329
  C  3.25674061  0.35712386  1.49661240
  C  2.36393968  1.44757697  2.12189515
  H  2.37535892  2.37179099  1.52950313
  H  1.32111506  1.13574486  2.24801114
  H  2.76576100  1.68986044  3.11916622
  C  3.38866343 -0.81998484  2.48381431
  H  3.54347244 -0.41963633  3.49906457
  H  2.49661676 -1.45762146  2.51022741
  H  4.24920548 -1.45604231  2.24796098
  C  4.64232791  0.97364620  1.25831123
  H  5.00676199  1.39492792  2.21068310
  H  5.37845675  0.22959329  0.92808787
  H  4.61310830  1.79358147  0.52536539
  C  4.70943096 -0.43655456 -1.81888666
  H  5.30696900  0.15195386 -1.11394763
  H  5.39693488 -1.11057861 -2.35753583
  H  4.27508562  0.24713117 -2.56210761
  C  4.28026610 -2.35967287 -0.24444614
  H  4.80455702 -3.08479719 -0.88837886
  H  5.02169150 -1.93389577  0.44302525
  H  3.53060412 -2.91234779  0.34232784
  C  2.84000553 -2.01421556 -2.23391612
  H  2.10808650 -2.71593418 -1.80920086
  H  2.33429532 -1.30871238 -2.90945131
  H  3.54473895 -2.60027208 -2.84592505
  C -3.34398913 -1.06273685 -2.36963513
  H -3.66948480 -0.79497431 -3.38925344
  H -2.35951752 -1.54302628 -2.43659067
  H -4.06767826 -1.78522401 -1.97504507
  C -4.67831031  0.82559038 -1.38129022
  H -5.02806886  1.13328738 -2.38160925
  H -5.40707502  0.10467467 -0.98867148
  H -4.68566555  1.72034086 -0.74085692
  C -2.39169814  1.24533149 -2.26111869
  H -2.40344666  2.22924263 -1.77239734
  H -1.35194917  0.91093877 -2.35076777
  H -2.79773319  1.37862042 -3.27755141
  C -2.91521552 -1.59513573  2.51178422
  H -2.18056459 -2.35308750  2.20832947
  H -2.39710574 -0.80740555  3.07419780
  H -3.63376430 -2.07462526  3.19693778
  C -4.76777613 -0.08338190  1.84799187
  H -5.36138847  0.38933034  1.05804352
  H -5.45950709 -0.66190268  2.48354545
  H -4.33303514  0.70722594  2.47626112
  C -4.33997355 -2.22162264  0.57930299
  H -4.89156469 -2.83076126  1.31428152
  H -5.05756873 -1.89908983 -0.18587739
  H -3.58670445 -2.86950964  0.10500549
  O -0.04132477 -3.17507807  0.02115894
  C  0.05821522 -1.01365241  1.90339853
  H -0.11476471 -3.25102677 -0.94568176
  O  0.13482990 -0.97444979  3.07117355
76

  P  2.40146560 -0.25526676 -0.09944544
  N -0.00568041  1.53865320 -0.11689918
  C  2.18390970  1.27168497 -1.13371345
  H  3.11446112  1.84774301 -1.21894620
  H  1.93318251  0.89745002 -2.14036249
  O -0.18807475 -1.34491367 -1.99496666
  P -2.43669662 -0.17889338  0.15029598
  C  1.06474134  2.14904962 -0.63888516
  C  1.14069443  3.54550793 -0.70576732
  H  2.02002712  4.02431034 -1.13967845
  C  0.08165615  4.29794189 -0.19623614
  H  0.11530890  5.38934382 -0.22867379
  C -1.01865242  3.64394284  0.35891613
  H -1.86268804  4.20155889  0.76823826
  C -1.03050390  2.24343154  0.37611728
  C -2.19309636  1.47548723  0.95261732
  H -3.10566955  2.08587740  0.92370078
  H -1.98255193  1.25421825  2.01290723
 Ru -0.03213720 -1.14335690  0.08169402
  H  0.63940480 -1.72841771 -2.30381459
  C -3.27418077  0.21988862 -1.52168902
  C -3.69480803 -1.02607584  1.31462855
  C  3.63826102 -1.28076356 -1.13752669
  C  3.25243518  0.35187513  1.49980251
  C  2.34973249  1.43124905  2.12996989
  H  2.35235284  2.35861231  1.54213329
  H  1.31010845  1.10804050  2.25463581
  H  2.74912298  1.67341616  3.12827600
  C  3.39306077 -0.82824531  2.48212583
  H  3.54763334 -0.43108774  3.49871304
  H  2.50442830 -1.47063467  2.50756243
  H  4.25672226 -1.45853777  2.24218342
  C  4.63330959  0.98013000  1.26575684
  H  4.99465683  1.39880036  2.22052295
  H  5.37487686  0.24321460  0.93156322
  H  4.59880150  1.80397081  0.53741164
  C  4.71309068 -0.41859896 -1.81828337
  H  5.30549438  0.17197774 -1.11067519
  H  5.40603010 -1.08678387 -2.35731960
  H  4.27620735  0.26430987 -2.56072265
  C  4.29336221 -2.35049212 -0.25300110
  H  4.82078910 -3.07072619 -0.89990895
  H  5.03303221 -1.92378542  0.43585427
  H  3.54655799 -2.90886356  0.33207054
  C  2.85103601 -2.00333327 -2.24065820
  H  2.12612574 -2.71383410 -1.81844244
  H  2.33684565 -1.29742568 -2.90946473
  H  3.55863888 -2.57923646 -2.85902070
  C -3.35253259 -1.06673163 -2.36394812
  H -3.67766357 -0.80056504 -3.38412794
  H -2.37151094 -1.55411217 -2.43073866
  H -4.08032131 -1.78323114 -1.96596737
  C -4.67305462  0.83442869 -1.38204194
  H -5.02167267  1.14053902 -2.38331233
  H -5.40656560  0.12029853 -0.98579924
  H -4.67384440  1.73182238 -0.74524828
  C -2.38378155  1.23412250 -2.26431190
  H -2.39077121  2.22123664 -1.78197321
  H -1.34566570  0.89338801 -2.35075459
  H -2.78688313  1.36393660 -3.28238660
  C -2.92195012 -1.58559076  2.51730298
  H -2.19688562 -2.35297436  2.21435710
  H -2.39207349 -0.80104446  3.07331067
  H -3.64263627 -2.05368477  3.20814334
  C -4.76539420 -0.06295947  1.85228752
  H -5.35420821  0.41474481  1.06169269
  H -5.46271313 -0.63534894  2.48734955
  H -4.32479678  0.72416355  2.48084955
  C -4.35455975 -2.20775856  0.58983285
  H -4.90853872 -2.81134653  1.32764308
  H -5.07166886 -1.88280773 -0.17480601
  H -3.60658194 -2.86188988  0.11564275
  O -0.02686264 -3.22490067  0.01335653
  C  0.06044020 -1.05573812  1.89786895
  H -0.10172090 -3.29244380 -0.95428239
  O  0.14159327 -1.01796584  3.06646530