76

  O  0.00247197 -0.44253635 -1.99698516
  P -2.48949413 -0.16188710  0.09919912
  O -0.02509978 -3.62683569 -0.00040338
  N  0.00033614  1.53338867 -0.00220535
  C -2.28188172  1.46381892  0.96914066
  H -3.20035371  2.06563248  0.92509261
  H -2.12302016  1.18614964  2.02446516
  O -0.00792773 -0.44208990  1.99302957
  P  2.49108600 -0.16757652 -0.09687788
  C -1.09958971  2.24923280  0.45652283
  C -1.11422668  3.63109901  0.45534003
  H -2.00855092  4.14359707  0.81826468
  C  0.00497024  4.36846421 -0.00376865
  H  0.00667779  5.45940573 -0.00455543
  C  1.12186472  3.62694891 -0.46176887
  H  2.01787236  4.13617893 -0.82513812
  C  1.10290500  2.24509084 -0.46129874
  C  2.28309365  1.45542358 -0.97221351
  H  3.20238648  2.05625402 -0.93224055
  H  2.12193708  1.17347291 -2.02603730
  C -3.59832715 -1.20122190  1.24711542
  C -3.38691355  0.24557416 -1.53053006
  C -2.73883527 -1.75271596  2.39652413
  H -3.39261578 -2.34099423  3.06141128
  H -2.27870048 -0.95586112  2.99461262
  H -1.94695662 -2.42017786  2.02934126
  C -4.15739710 -2.40160071  0.46833018
  H -4.65035327 -3.08522312  1.17894388
  H -3.35572486 -2.96415951 -0.03508033
  H -4.90482022 -2.11039020 -0.28080715
 Ru -0.00456271 -0.61265518 -0.00212325
  C -4.73740547 -0.37383250  1.86385030
  H -5.33246662 -1.03108873  2.52019254
  H -5.41625647  0.04920661  1.11536479
  H -4.35072325  0.44624863  2.48629625
  C -3.28887809 -0.96406107 -2.47530944
  H -3.72179790 -0.68977883 -3.45189935
  H -3.83964547 -1.83594817 -2.10175388
  H -2.24240958 -1.25454139 -2.63776330
  C -2.66404432  1.44191039 -2.17663279
  H -3.10038853  1.60716459 -3.17583105
  H -1.59077758  1.25672841 -2.29753814
  H -2.80126880  2.36470455 -1.59724199
  C -4.85625006  0.63928285 -1.32832548
  H -5.26219961  0.97658583 -2.29704290
  H -4.96431467  1.47166442 -0.61707859
  H -5.47724060 -0.19896269 -0.98750944
  C  3.59904098 -1.20955991 -1.24322624
  C  3.38961899  0.24643143  1.53054283
  C  4.16075784 -2.40692219 -0.46174663
  H  4.65250903 -3.09268278 -1.17115002
  H  3.36077890 -2.96833463  0.04563350
  H  4.90979709 -2.11242096  0.28452599
  C  4.73644059 -0.38393335 -1.86535328
  H  5.33057311 -1.04324991 -2.52048346
  H  5.41654934  0.04207576 -1.11964288
  H  4.34824175  0.43375918 -2.48997987
  C  2.73658279 -1.76514520 -2.38848048
  H  3.38828264 -2.35594475 -3.05319451
  H  2.27481166 -0.97030513 -2.98805609
  H  1.94537061 -2.43092588 -2.01666751
  C  3.29573928 -0.96082489  2.47877405
  H  3.72849615 -0.68251592  3.45430503
  H  3.84875596 -1.83222258  2.10743073
  H  2.25019069 -1.25388777  2.64282704
  C  2.66374265  1.44223772  2.17426841
  H  3.09977170  1.61096948  3.17303040
  H  1.59092274  1.25430289  2.29571393
  H  2.79819831  2.36411212  1.59280257
  C  4.85767254  0.64331300  1.32556745
  H  5.26416576  0.98441366  2.29274701
  H  4.96284434  1.47385022  0.61172439
  H  5.48017135 -0.19447038  0.98629637
  C -0.01518840 -2.46371357 -0.00144830
  H -0.05890506 -1.31313936  2.40936105
  H  0.03988379 -1.31435573 -2.41319874
76

  O  0.00228455 -0.44630014 -1.99742533
  P -2.49241355 -0.16354319  0.09818099
  O -0.02600675 -3.63050479 -0.00062520
  N  0.00031757  1.53092573 -0.00221904
  C -2.28202019  1.46145884  0.96897732
  H -3.19977076  2.06444899  0.92615938
  H -2.12248879  1.18304459  2.02398834
  O -0.00793835 -0.44604934  1.99323588
  P  2.49407651 -0.16933657 -0.09577812
  C -1.09939797  2.24635972  0.45637969
  C -1.11401903  3.62843010  0.45539023
  H -2.00824282  4.14102533  0.81834683
  C  0.00506787  4.36538701 -0.00371035
  H  0.00681785  5.45634302 -0.00447732
  C  1.12179794  3.62421094 -0.46172608
  H  2.01774918  4.13348474 -0.82509430
  C  1.10274677  2.24214850 -0.46112540
  C  2.28322442  1.45292898 -0.97201966
  H  3.20180052  2.05492916 -0.93336826
  H  2.12133573  1.17016641 -2.02549665
  C -3.60273700 -1.20085739  1.24651634
  C -3.39002400  0.24679458 -1.53076787
  C -2.74299244 -1.75443445  2.39476658
  H -3.39697537 -2.34194764  3.06014121
  H -2.28077793 -0.95866895  2.99272315
  H -1.95257184 -2.42297077  2.02634916
  C -4.16474969 -2.39983359  0.46769612
  H -4.65861474 -3.08275120  1.17836542
  H -3.36456011 -2.96381653 -0.03648429
  H -4.91207173 -2.10682773 -0.28085334
 Ru -0.00473316 -0.61656214 -0.00225490
  C -4.73976783 -0.37170916  1.86459674
  H -5.33568903 -1.02817424  2.52096556
  H -5.41828646  0.05309868  1.11678616
  H -4.35110123  0.44726932  2.48725774
  C -3.29411599 -0.96250876 -2.47620494
  H -3.72714759 -0.68727351 -3.45248226
  H -3.84577510 -1.83389102 -2.10275004
  H -2.24806452 -1.25426137 -2.63927585
  C -2.66510167  1.44207119 -2.17651750
  H -3.10113900  1.60846441 -3.17566477
  H -1.59213845  1.25507269 -2.29758394
  H -2.80065981  2.36495032 -1.59686717
  C -4.85859319  0.64294352 -1.32797550
  H -5.26440861  0.98131184 -2.29639013
  H -4.96495947  1.47522874 -0.61635090
  H -5.48086472 -0.19436937 -0.98717764
  C  3.60353899 -1.20924165 -1.24258651
  C  3.39281519  0.24766951  1.53080825
  C  4.16834477 -2.40513388 -0.46109106
  H  4.66099350 -3.09018202 -1.17056985
  H  3.36993745 -2.96800534  0.04715258
  H  4.91732299 -2.10875151  0.28451092
  C  4.73879289 -0.38182201 -1.86617784
  H  5.33378699 -1.04033742 -2.52134761
  H  5.41858703  0.04602748 -1.12120655
  H  4.34852240  0.43471588 -2.49102283
  C  2.74074932 -1.76699111 -2.38657275
  H  3.39259880 -2.35703777 -3.05181965
  H  2.27680889 -0.97328076 -2.98599444
  H  1.95104727 -2.43384265 -2.01341493
  C  3.30127367 -0.95925714  2.47970225
  H  3.73412088 -0.67992395  3.45490585
  H  3.85530337 -1.83006651  2.10845292
  H  2.25619470 -1.25374974  2.64440774
  C  2.66471971  1.44228814  2.17421876
  H  3.10042117  1.61220750  3.17292697
  H  1.59223556  1.25236655  2.29583372
  H  2.79735704  2.36427387  1.59251065
  C  4.86002787  0.64719269  1.32517351
  H  5.26639085  0.98941864  2.29202349
  H  4.96335448  1.47763597  0.61094232
  H  5.48389820 -0.18957510  0.98588616
  C -0.01573184 -2.46732678 -0.00165190
  H -0.05915926 -1.31708496  2.40956660
  H  0.03944708 -1.31809145 -2.41372282
76

  O  0.00209680 -0.45006557 -1.99786721
  P -2.49533029 -0.16519691  0.09716148
  O -0.02691319 -3.63417554 -0.00084968
  N  0.00029927  1.52846084 -0.00223360
  C -2.28215784  1.45909582  0.96881282
  H -3.19918519  2.06325973  0.92722620
  H -2.12195710  1.17993498  2.02350896
  O -0.00794828 -0.45001079  1.99344045
  P  2.49706451 -0.17109368 -0.09467704
  C -1.09920593  2.24348450  0.45623583
  C -1.11381111  3.62575903  0.45544007
  H -2.00793441  4.13845134  0.81842878
  C  0.00516564  4.36230780 -0.00365257
  H  0.00695800  5.45327831 -0.00439961
  C  1.12173132  3.62147099 -0.46168397
  H  2.01762620  4.13078864 -0.82505098
  C  1.10258873  2.23920422 -0.46095264
  C  2.28335523  1.45043170 -0.97182530
  H  3.20121263  2.05359862 -0.93449624
  H  2.12073575  1.16685544 -2.02495396
  C -3.60713792 -1.20049034  1.24591644
  C -3.39312778  0.24801650 -1.53100401
  C -2.74714502 -1.75615254  2.39300540
  H -3.40132789 -2.34290333  3.05886629
  H -2.28285375 -0.96148118  2.99082948
  H -1.95818477 -2.42575836  2.02335259
  C -4.17208953 -2.39805725  0.46706184
  H -4.66686114 -3.08026996  1.17778657
  H -3.37338554 -2.96345931 -0.03788919
  H -4.91930697 -2.10325597 -0.28089847
 Ru -0.00490344 -0.62047094 -0.00238829
  C -4.74211787 -0.36959024  1.86534325
  H -5.33889707 -1.02526415  2.52173843
  H -5.42030047  0.05698608  1.11820908
  H -4.35146964  0.44828088  2.48821889
  C -3.29934550 -0.96095099 -2.47709830
  H -3.73248878 -0.68476297 -3.45306209
  H -3.85189390 -1.83182854 -2.10374358
  H -2.25371256 -1.25397312 -2.64078753
  C -2.66615690  1.44223076 -2.17640226
  H -3.10188681  1.60976133 -3.17549768
  H -1.59350021  1.25341800 -2.29763164
  H -2.80004926  2.36519181 -1.59649257
  C -4.86092572  0.64660158 -1.32762144
  H -5.26660673  0.98603463 -2.29573235
  H -4.96559432  1.47878698 -0.61561945
  H -5.48447483 -0.18977770 -0.98684048
  C  3.60802869 -1.20892040 -1.24194521
  C  3.39600359  0.24890909  1.53107229
  C  4.17591861 -2.40333526 -0.46043425
  H  4.66946298 -3.08767102 -1.16998782
  H  3.37908572 -2.96766017  0.04867300
  H  4.92483131 -2.10507155  0.28449617
  C  4.74113364 -0.37971529 -1.86700085
  H  5.33698769 -1.03742964 -2.52220947
  H  5.42060860  0.04997439 -1.12276978
  H  4.34879496  0.43566282 -2.49206404
  C  2.74491321 -1.76883654 -2.38466090
  H  3.39691021 -2.35813341 -3.05043864
  H  2.27880713 -0.97626110 -2.98392838
  H  1.95672351 -2.43675357 -2.01015797
  C  3.30679763 -0.95768341  2.48062818
  H  3.73973450 -0.67732658  3.45550366
  H  3.86183751 -1.82790446  2.10947232
  H  2.26219004 -1.25360238  2.64598699
  C  2.66569424  1.44233687  2.17416960
  H  3.10106698  1.61344159  3.17282339
  H  1.59354933  1.25043128  2.29595543
  H  2.79651429  2.36443044  1.59221971
  C  4.86237099  0.65106889  1.32477644
  H  5.26860291  0.99441919  2.29129609
  H  4.96385371  1.48141432  0.61015776
  H  5.48760890 -0.18468226  0.98547155
  C -0.01627479 -2.47094175 -0.00185769
  H -0.05941253 -1.32103251  2.40977041
  H  0.03901003 -1.32182870 -2.41424869
76

  O  0.00190874 -0.45383263 -1.99831080
  P -2.49824435 -0.16684825  0.09614060
  O -0.02781909 -3.63784793 -0.00107680
  N  0.00028125  1.52599401 -0.00224904
  C -2.28229468  1.45672987  0.96864714
  H -3.19859702  2.06206468  0.92829306
  H -2.12142510  1.17682083  2.02302700
  O -0.00795751 -0.45397425  1.99364328
  P  2.50005000 -0.17284784 -0.09357465
  C -1.09901360  2.24060717  0.45609126
  C -1.11360293  3.62308580  0.45548955
  H -2.00762571  4.13587511  0.81851050
  C  0.00526353  4.35922660 -0.00359532
  H  0.00709826  5.45021160 -0.00432231
  C  1.12166486  3.61872908 -0.46164252
  H  2.01750341  4.12809063 -0.82500817
  C  1.10243090  2.23625799 -0.46078043
  C  2.28348606  1.44793174 -0.97163040
  H  3.20062282  2.05226240 -0.93562446
  H  2.12013714  1.16354004 -2.02440923
  C -3.61152993 -1.20012075  1.24531573
  C -3.39622487  0.24923991 -1.53123848
  C -2.75129302 -1.75787020  2.39124061
  H -3.40567339 -2.34386129  3.05758650
  H -2.28492796 -0.96429777  2.98893162
  H -1.96379541 -2.42854059  2.02035158
  C -4.17941659 -2.39627171  0.46642734
  H -4.67509247 -3.07777942  1.17720734
  H -3.38220114 -2.96308788 -0.03929502
  H -4.92652594 -2.09967498 -0.28094250
 Ru -0.00507355 -0.62438157 -0.00252341
  C -4.74445559 -0.36747572  1.86608983
  H -5.34209075 -1.02235846  2.52251116
  H -5.42229851  0.06086878  1.11963354
  H -4.35182851  0.44928331  2.48917969
  C -3.30456662 -0.95938780 -2.47798951
  H -3.73782144 -0.68224721 -3.45363885
  H -3.85800187 -1.82976076 -2.10473450
  H -2.25935370 -1.25367664 -2.64229834
  C -2.66721003  1.44238912 -2.17628708
  H -3.10263195  1.61105537 -3.17532978
  H -1.59486284  1.25176433 -2.29768126
  H -2.79943714  2.36542902 -1.59611818
  C -4.86324768  0.65025701 -1.32726330
  H -5.26879399  0.99075417 -2.29506954
  H -4.96621927  1.48233914 -0.61488424
  H -5.48807092 -0.18518769 -0.98649798
  C  3.61251006 -1.20859615 -1.24130235
  C  3.39918421  0.25015016  1.53133495
  C  4.18347935 -2.40152634 -0.45977622
  H  4.67791747 -3.08514980 -1.16940396
  H  3.38822370 -2.96729916  0.05019472
  H  4.93232203 -2.10138113  0.28448172
  C  4.74346286 -0.37761318 -1.86782231
  H  5.34017523 -1.03452659 -2.52306906
  H  5.42261405  0.05391649 -1.12433259
  H  4.34905945  0.43660001 -2.49310351
  C  2.74907446 -1.77068144 -2.38274495
  H  3.40121692 -2.35923167 -3.04905149
  H  2.28080640 -0.97924610 -2.98185791
  H  1.96239931 -2.43965860 -2.00689665
  C  3.31231114 -0.95610374  2.48155184
  H  3.74533700 -0.67472386  3.45609849
  H  3.86835839 -1.82573647  2.11048895
  H  2.26817667 -1.25344572  2.64756479
  C  2.66666622  1.44238392  2.17412094
  H  3.10170913  1.61467176  3.17271965
  H  1.59486402  1.24849709  2.29607907
  H  2.79567008  2.36458184  1.59192978
  C  4.86470193  0.65494158  1.32437627
  H  5.27080198  0.99941529  2.29056483
  H  4.96434209  1.48518526  0.60937072
  H  5.49130348 -0.17979187  0.98505256
  C -0.01681726 -2.47455848 -0.00206565
  H -0.05966488 -1.32498203  2.40997245
  H  0.03857265 -1.32556748 -2.41477634
76

  O  0.00172036 -0.45760131 -1.99875611
  P -2.50115572 -0.16849721  0.09511835
  O -0.02872446 -3.64152195 -0.00130657
  N  0.00026349  1.52352525 -0.00226536
  C -2.28243071  1.45436101  0.96848027
  H -3.19800626  2.06086387  0.92935995
  H -2.12089281  1.17370214  2.02254245
  O -0.00796605 -0.45793970  1.99384438
  P  2.50303297 -0.17459904 -0.09247096
  C -1.09882098  2.23772771  0.45594596
  C -1.11339449  3.62041044  0.45553868
  H -2.00731673  4.13329667  0.81859201
  C  0.00536155  4.35614342 -0.00353860
  H  0.00723861  5.44714290 -0.00424541
  C  1.12159857  3.61598522 -0.46160174
  H  2.01738081  4.12539073 -0.82496586
  C  1.10227326  2.23330983 -0.46060880
  C  2.28361693  1.44542912 -0.97143498
  H  3.20003112  2.05092051 -0.93675292
  H  2.11953991  1.16022020 -2.02386244
  C -3.61591303 -1.19974862  1.24471422
  C -3.39931527  0.25046480 -1.53147127
  C -2.75543645 -1.75958743  2.38947223
  H -3.41001187 -2.34482149  3.05630188
  H -2.28700058 -0.96711870  2.98702958
  H -1.96940376 -2.43131745  2.01734616
  C -4.18673089 -2.39447699  0.46579267
  H -4.68330874 -3.07527960  1.17662778
  H -3.39100689 -2.96270226 -0.04070173
  H -4.93372864 -2.09608478 -0.28098540
 Ru -0.00524350 -0.62829402 -0.00266028
  C -4.74678102 -0.36536563  1.86683649
  H -5.34527010 -1.01945717  2.52328377
  H -5.42428060  0.06474677  1.12105954
  H -4.35217787  0.45027663  2.49014013
  C -3.30977935 -0.95781918 -2.47887856
  H -3.74314558 -0.67972627 -3.45421253
  H -3.86409902 -1.82768771 -2.10572278
  H -2.26498793 -1.25337196 -2.64380825
  C -2.66826104  1.44254627 -2.17617196
  H -3.10337442  1.61234652 -3.17516107
  H -1.59622636  1.25011170 -2.29773278
  H -2.79882347  2.36566196 -1.59574403
  C -4.86555907  0.65390981 -1.32690111
  H -5.27097040  0.99547045 -2.29440172
  H -4.96683433  1.48588521 -0.61414529
  H -5.49165302 -0.18059938 -0.98615014
  C  3.61698312 -1.20826890 -1.24065795
  C  3.40235705  0.25139271  1.53159625
  C  4.19102697 -2.39970716 -0.45911699
  H  4.68635696 -3.08261838 -1.16881829
  H  3.39735136 -2.96692233  0.05171773
  H  4.93979516 -2.09768028  0.28446755
  C  4.74578057 -0.37551569 -1.86864222
  H  5.34334964 -1.03162824 -2.52392637
  H  5.42460342  0.05785374 -1.12589499
  H  4.34931590  0.43752747 -2.49414122
  C  2.75323307 -1.77252581 -2.38082492
  H  3.40551895 -2.36033249 -3.04765822
  H  2.28280670 -0.98223572 -2.97978304
  H  1.96807467 -2.44255771 -2.00363098
  C  3.31781421 -0.95451813  2.48247323
  H  3.75092838 -0.67211581  3.45669033
  H  3.87486600 -1.82356256  2.11150281
  H  2.27415458 -1.25327976  2.64914114
  C  2.66763567  1.44242932  2.17407277
  H  3.10234765  1.61589802  3.17261577
  H  1.59617963  1.24656401  2.29620461
  H  2.79482442  2.36472810  1.59164084
  C  4.86702071  0.65881076  1.32397300
  H  5.27298806  1.00440692  2.28982972
  H  4.96481963  1.48894880  0.60858123
  H  5.49498197 -0.17490399  0.98462919
  C -0.01735924 -2.47817695 -0.00227580
  H -0.05991632 -1.32893349  2.41017275
  H  0.03813495 -1.32930776 -2.41530577
76

  O  0.00153167 -0.46137162 -1.99920314
  P -2.50406441 -0.17014378  0.09409474
  O -0.02962931 -3.64519760 -0.00153899
  N  0.00024601  1.52105457 -0.00228255
  C -2.28256594  1.45198925  0.96831222
  H -3.19741291  2.05965730  0.93042687
  H -2.12036023  1.17057895  2.02205531
  O -0.00797391 -0.46190713  1.99404372
  P  2.50601340 -0.17634728 -0.09136596
  C -1.09862807  2.23484615  0.45579993
  C -1.11318579  3.61773294  0.45558745
  H -2.00700745  4.13071601  0.81867327
  C  0.00545970  4.35305826 -0.00348241
  H  0.00737907  5.44407223 -0.00416892
  C  1.12153245  3.61323942 -0.46156163
  H  2.01725841  4.12268894 -0.82492404
  C  1.10211582  2.23035974 -0.46043772
  C  2.28374783  1.44292386 -0.97123902
  H  3.19943752  2.04957296 -0.93788161
  H  2.11894408  1.15689596 -2.02331360
  C -3.62028722 -1.19937395  1.24411193
  C -3.40239900  0.25169117 -1.53170240
  C -2.75957533 -1.76130418  2.38770026
  H -3.41434338 -2.34578392  3.05501244
  H -2.28907163 -0.96994391  2.98512336
  H -1.97500984 -2.43408891  2.01433633
  C -4.19403241 -2.39267311  0.46515784
  H -4.69150994 -3.07277054  1.17604791
  H -3.39980276 -2.96230247 -0.04210930
  H -4.94091506 -2.09248541 -0.28102715
 Ru -0.00541328 -0.63220829 -0.00279889
  C -4.74909419 -0.36325995  1.86758321
  H -5.34843516 -1.01656030  2.52405625
  H -5.42624676  0.06862004  1.12248708
  H -4.35251775  0.45126084  2.49110022
  C -3.31498366 -0.95624518 -2.47976545
  H -3.74846119 -0.67720016 -3.45478312
  H -3.87018533 -1.82560940 -2.10670843
  H -2.27061522 -1.25305909 -2.64531727
  C -2.66930995  1.44270222 -2.17605690
  H -3.10411424  1.61363480 -3.17499157
  H -1.59759073  1.24846012 -2.29778621
  H -2.79820824  2.36589065 -1.59537010
  C -4.86785991  0.65755996 -1.32653487
  H -5.27313598  1.00018346 -2.29372891
  H -4.96743952  1.48942518 -0.61340261
  H -5.49522115 -0.17601278 -0.98579697
  C  3.62144786 -1.20793866 -1.24001202
  C  3.40552210  0.25263673  1.53185617
  C  4.19856146 -2.39787774 -0.45845657
  H  4.69478146 -3.08007680 -1.16823084
  H  3.40646869 -2.96652969  0.05324200
  H  4.94725067 -2.09396905  0.28445363
  C  4.74808680 -0.37342282 -1.86946060
  H  5.34651096 -1.02873461 -2.52478143
  H  5.42657673  0.06178614 -1.12745697
  H  4.34956435  0.43844521 -2.49517718
  C  2.75738905 -1.77436959 -2.37890081
  H  3.40981632 -2.36143586 -3.04625884
  H  2.28480806 -0.98522991 -2.97770377
  H  1.97374958 -2.44545086 -2.00036099
  C  3.32330682 -0.95292661  2.48339235
  H  3.75650863 -0.66950244  3.45727918
  H  3.88136033 -1.82138278  2.11251390
  H  2.28012376 -1.25310453  2.65071602
  C  2.66860258  1.44247306  2.17402509
  H  3.10298253  1.61712038  3.17251174
  H  1.59749616  1.24463205  2.29633207
  H  2.79397733  2.36486924  1.59135292
  C  4.86932735  0.66267639  1.32356665
  H  5.27516120  1.00939406  2.28909076
  H  4.96528637  1.49270492  0.60778930
  H  5.49864438 -0.17001862  0.98420147
  C -0.01790074 -2.48179717 -0.00248813
  H -0.06016684 -1.33288689  2.41037128
  H  0.03769692 -1.33304956 -2.41583698
76

  O  0.00134268 -0.46514354 -1.99965189
  P -2.50697040 -0.17178795  0.09306976
  O -0.03053362 -3.64887487 -0.00177407
  N  0.00022880  1.51858198 -0.00230063
  C -2.28270037  1.44961460  0.96814297
  H -3.19681698  2.05844497  0.93149379
  H -2.11982738  1.16745126  2.02156557
  O -0.00798108 -0.46587655  1.99424133
  P  2.50899131 -0.17809255 -0.09025966
  C -1.09843486  2.23196250  0.45565318
  C -1.11297682  3.61505332  0.45563584
  H -2.00669788  4.12813315  0.81875430
  C  0.00555799  4.34997113 -0.00342674
  H  0.00751962  5.44099960 -0.00409283
  C  1.12146649  3.61049168 -0.46152218
  H  2.01713621  4.11998529 -0.82488270
  C  1.10195858  2.22740775 -0.46026721
  C  2.28387878  1.44041596 -0.97104253
  H  3.19884204  2.04821975 -0.93901053
  H  2.11834964  1.15356733 -2.02276271
  C -3.62465251 -1.19899676  1.24350885
  C -3.40547604  0.25291900 -1.53193185
  C -2.76370968 -1.76302045  2.38592472
  H -3.41866794 -2.34674854  3.05371819
  H -2.29114115 -0.97277338  2.98321297
  H -1.98061363 -2.43685495  2.01132214
  C -4.20132115 -2.39086010  0.46452288
  H -4.69969606 -3.07025224  1.17546777
  H -3.40858874 -2.96188853 -0.04351769
  H -4.94808519 -2.08887691 -0.28106773
 Ru -0.00558289 -0.63612437 -0.00293924
  C -4.75139510 -0.36115868  1.86833002
  H -5.35158593 -1.01366783  2.52482861
  H -5.42819702  0.07248857  1.12391617
  H -4.35284819  0.45223595  2.49205993
  C -3.32017957 -0.95466579 -2.48065017
  H -3.75376826 -0.67466890 -3.45535062
  H -3.87626082 -1.82352587 -2.10769144
  H -2.27623558 -1.25273805 -2.64682537
  C -2.67035674  1.44285697 -2.17594191
  H -3.10485140  1.61492022 -3.17482127
  H -1.59895596  1.24680960 -2.29784155
  H -2.79759147  2.36611510 -1.59499643
  C -4.87015021  0.66120745 -1.32616458
  H -5.27529074  1.00489318 -2.29305110
  H -4.96803486  1.49295905 -0.61265621
  H -5.49877532 -0.17142793 -0.98543848
  C  3.62590428 -1.20760544 -1.23936456
  C  3.40867937  0.25388222  1.53211473
  C  4.20608282 -2.39603811 -0.45779500
  H  4.70319094 -3.07752507 -1.16764165
  H  3.41557564 -2.96612129  0.05476750
  H  4.95468857 -2.09024748  0.28443995
  C  4.75038157 -0.37133456 -1.87027744
  H  5.34965919 -1.02584570 -2.52563424
  H  5.42853401  0.06571365 -1.12901854
  H  4.34980482  0.43935323 -2.49621138
  C  2.76154242 -1.77621278 -2.37697264
  H  3.41410905 -2.36254176 -3.04485338
  H  2.28681050 -0.98822864 -2.97562011
  H  1.97942405 -2.44833804 -1.99708669
  C  3.32878896 -0.95132921  2.48430921
  H  3.76207775 -0.66688379  3.45786504
  H  3.88784137 -1.81919716  2.11352223
  H  2.28608419 -1.25292005  2.65228944
  C  2.66956697  1.44251517  2.17397792
  H  3.10361380  1.61833887  3.17240757
  H  1.59881358  1.24270124  2.29646143
  H  2.79312880  2.36500527  1.59106600
  C  4.87162188  0.66653847  1.32315722
  H  5.27732141  1.01437670  2.28834798
  H  4.96574234  1.49645362  0.60699493
  H  5.50229075 -0.16513582  0.98376942
  C -0.01844175 -2.48541912 -0.00270265
  H -0.06041646 -1.33684221  2.41056806
  H  0.03725859 -1.33679286 -2.41636998
76

  O  0.00115339 -0.46891706 -2.00010236
  P -2.50987371 -0.17342974  0.09204342
  O -0.03143740 -3.65255375 -0.00201180
  N  0.00021186  1.51610748 -0.00231958
  C -2.28283400  1.44723708  0.96797252
  H -3.19621848  2.05722691  0.93256071
  H -2.11929426  1.16431909  2.02107322
  O -0.00798758 -0.46984793  1.99443718
  P  2.51196667 -0.17983485 -0.08915206
  C -1.09824137  2.22907676  0.45550568
  C -1.11276760  3.61237159  0.45568386
  H -2.00638804  4.12554809  0.81883508
  C  0.00565640  4.34688206 -0.00337161
  H  0.00766028  5.43792501 -0.00401715
  C  1.12140070  3.60774202 -0.46148339
  H  2.01701421  4.11727977 -0.82484186
  C  1.10180154  2.22445384 -0.46009726
  C  2.28400978  1.43790544 -0.97084551
  H  3.19824470  2.04686091 -0.94013968
  H  2.11775662  1.15023433 -2.02220975
  C -3.62900891 -1.19861704  1.24290502
  C -3.40854640  0.25414829 -1.53215964
  C -2.76783949 -1.76473622  2.38414562
  H -3.42298557 -2.34771533  3.05241915
  H -2.29320914 -0.97560707  2.98129841
  H -1.98621515 -2.43961554  2.00830359
  C -4.20859710 -2.38903797  0.46388782
  H -4.70786712 -3.06772473  1.17488738
  H -3.41736482 -2.96146048 -0.04492686
  H -4.95523903 -2.08525930 -0.28110711
 Ru -0.00575233 -0.64004225 -0.00308134
  C -4.75368379 -0.35906185  1.86907690
  H -5.35472245 -1.01077977  2.52560087
  H -5.43013138  0.07635234  1.12534679
  H -4.35316919  0.45320198  2.49301926
  C -3.32536707 -0.95308106 -2.48153272
  H -3.75906680 -0.67213252 -3.45591502
  H -3.88232547 -1.82143713 -2.10867179
  H -2.28184899 -1.25240887 -2.64833255
  C -2.67140143  1.44301053 -2.17582699
  H -3.10558592  1.61620277 -3.17465018
  H -1.60032204  1.24516016 -2.29789879
  H -2.79697316  2.36633533 -1.59462300
  C -4.87242999  0.66485226 -1.32579025
  H -5.27743470  1.00959960 -2.29236832
  H -4.96862038  1.49648681 -0.61190611
  H -5.50231555 -0.16684484 -0.98507468
  C  3.63035239 -1.20726923 -1.23871559
  C  3.41182886  0.25512915  1.53237193
  C  4.21359104 -2.39418827 -0.45713229
  H  4.71158542 -3.07496322 -1.16705072
  H  3.42467220 -2.96569713  0.05629421
  H  4.96210884 -2.08651560  0.28442648
  C  4.75266489 -0.36925093 -1.87109276
  H  5.35279438 -1.02296149 -2.52648481
  H  5.43047527  0.06963627 -1.13057971
  H  4.35003734  0.44025156 -2.49724382
  C  2.76569317 -1.77805535 -2.37504041
  H  3.41839717 -2.36365014 -3.04344184
  H  2.28881401 -0.99123185 -2.97353207
  H  1.98509806 -2.45121921 -1.99380811
  C  3.33426064 -0.94972595  2.48522380
  H  3.76763573 -0.66425987  3.45844792
  H  3.89430914 -1.81700571  2.11452780
  H  2.29203584 -1.25272635  2.65386139
  C  2.67052882  1.44255565  2.17393123
  H  3.10424145  1.61955349  3.17230326
  H  1.60013189  1.24077159  2.29659269
  H  2.79227886  2.36513623  1.59078009
  C  4.87390432  0.67039699  1.32274474
  H  5.27946872  1.01935482  2.28760139
  H  4.96618758  1.50019489  0.60619816
  H  5.50592110 -0.16025560  0.98333303
  C -0.01898228 -2.48904279 -0.00291935
  H -0.06066518 -1.34079946  2.41076307
  H  0.03681995 -1.34053766 -2.41690477
76

  O  0.00096382 -0.47269219 -2.00055456
  P -2.51277431 -0.17506912  0.09101572
  O -0.03234065 -3.65623424 -0.00225217
  N  0.00019520  1.51363108 -0.00233941
  C -2.28296685  1.44485669  0.96780085
  H -3.19561742  2.05600310  0.93362761
  H -2.11876088  1.16118246  2.02057824
  O -0.00799341 -0.47382127  1.99463128
  P  2.51493949 -0.18157417 -0.08804316
  C -1.09804759  2.22618895  0.45535745
  C -1.11255812  3.60968776  0.45573150
  H -2.00607790  4.12296085  0.81891560
  C  0.00575495  4.34379104 -0.00331701
  H  0.00780104  5.43484847 -0.00394188
  C  1.12133508  3.60499045 -0.46144527
  H  2.01689242  4.11457240 -0.82480149
  C  1.10164471  2.22149805 -0.45992787
  C  2.28414083  1.43539231 -0.97064795
  H  3.19764549  2.04549642 -0.94126904
  H  2.11716500  1.14689698 -2.02165473
  C -3.63335641 -1.19823479  1.24230043
  C -3.41161009  0.25537902 -1.53238575
  C -2.77196480 -1.76645146  2.38236297
  H -3.42729631 -2.34868429  3.05111532
  H -2.29527562 -0.97844494  2.97937967
  H -1.99181440 -2.44237066  2.00528071
  C -4.21586026 -2.38720675  0.46325268
  H -4.71602311 -3.06518803  1.17430678
  H -3.42613097 -2.96101832 -0.04633680
  H -4.96237657 -2.08163263 -0.28114527
 Ru -0.00592160 -0.64396192 -0.00322518
  C -4.75596027 -0.35696944  1.86982386
  H -5.35784475 -1.00789611  2.52637303
  H -5.43204988  0.08021133  1.12677896
  H -4.35348080  0.45415893  2.49397820
  C -3.33054615 -0.95149098 -2.48241308
  H -3.76435678 -0.66959103 -3.45647632
  H -3.88837929 -1.81934322 -2.10964950
  H -2.28745543 -1.25207155 -2.64983879
  C -2.67244400  1.44316291 -2.17571213
  H -3.10631779  1.61748247 -3.17447832
  H -1.60168894  1.24351180 -2.29795793
  H -2.79635332  2.36655134 -1.59424983
  C -4.87469926  0.66849438 -1.32541190
  H -5.27956788  1.01430272 -2.29168056
  H -4.96919609  1.50000845 -0.61115232
  H -5.50584185 -0.16226353 -0.98470557
  C  3.63479218 -1.20693003 -1.23806512
  C  3.41497058  0.25637753  1.53262776
  C  4.22108610 -2.39232828 -0.45646847
  H  4.71996489 -3.07239126 -1.16645810
  H  3.43375835 -2.96525725  0.05782211
  H  4.96951149 -2.08277347  0.28441321
  C  4.75493679 -0.36717193 -1.87190656
  H  5.35591654 -1.02008200 -2.52733316
  H  5.43240053  0.07355397 -1.13214048
  H  4.35026194  0.44114021 -2.49827450
  C  2.76984133 -1.77989726 -2.37310416
  H  3.42268070 -2.36476098 -3.04202424
  H  2.29081863 -0.99423951 -2.97143965
  H  1.99077160 -2.45409433 -1.99052527
  C  3.33972183 -0.94811685  2.48613612
  H  3.77318256 -0.66163073  3.45902782
  H  3.90076362 -1.81480849  2.11553061
  H  2.29797871 -1.25252345  2.65543187
  C  2.67148816  1.44259453  2.17388505
  H  3.10486551  1.62076426  3.17219882
  H  1.60145108  1.23884313  2.29672584
  H  2.79142752  2.36526213  1.59049519
  C  4.87617468  0.67425192  1.32232920
  H  5.28160316  1.02432841  2.28685099
  H  4.96662211  1.50392872  0.60539897
  H  5.50953545 -0.15537800  0.98289233
  C -0.01952232 -2.49266818 -0.00313824
  H -0.06091301 -1.34475862  2.41095632
  H  0.03638100 -1.34428395 -2.41744135
76

  O  0.00077395 -0.47646891 -2.00100849
  P -2.51567222 -0.17670610  0.08998667
  O -0.03324337 -3.65991633 -0.00249521
  N  0.00017881  1.51115279 -0.00236013
  C -2.28309891  1.44247345  0.96762798
  H -3.19501381  2.05477358  0.93469449
  H -2.11822725  1.15804138  2.02008065
  O -0.00799857 -0.47779657  1.99482364
  P  2.51790975 -0.18331051 -0.08693296
  C -1.09785352  2.22329908  0.45520847
  C -1.11234839  3.60700184  0.45577876
  H -2.00576749  4.12037144  0.81899586
  C  0.00585362  4.34069808 -0.00326294
  H  0.00794190  5.43177000 -0.00386703
  C  1.12126963  3.60223697 -0.46140780
  H  2.01677083  4.11186318 -0.82476160
  C  1.10148807  2.21854037 -0.45975904
  C  2.28427193  1.43287659 -0.97044984
  H  3.19704443  2.04412630 -0.94239862
  H  2.11657481  1.14355529 -2.02109764
  C -3.63769502 -1.19785002  1.24169510
  C -3.41466710  0.25661119 -1.53261018
  C -2.77608561 -1.76816615  2.38057679
  H -3.43160017 -2.34965538  3.04980674
  H -2.29734063 -0.98128696  2.97745678
  H -1.99741139 -2.44512028  2.00225352
  C -4.22311062 -2.38536646  0.46261749
  H -4.72416402 -3.06264216  1.17372600
  H -3.43488718 -2.96056208 -0.04774746
  H -4.96949781 -2.07799692 -0.28118218
 Ru -0.00609070 -0.64788338 -0.00337078
  C -4.75822457 -0.35488146  1.87057090
  H -5.36095284 -1.00501687  2.52714509
  H -5.43395254  0.08406552  1.12821268
  H -4.35378304  0.45510681  2.49493674
  C -3.33571681 -0.94989559 -2.48329125
  H -3.76963821 -0.66704446 -3.45703451
  H -3.89442228 -1.81724415 -2.11062454
  H -2.29305489 -1.25172613 -2.65134409
  C -2.67348446  1.44331412 -2.17559735
  H -3.10704702  1.61875932 -3.17430568
  H -1.60305668  1.24186454 -2.29801896
  H -2.79573195  2.36676316 -1.59387694
  C -4.87695805  0.67213381 -1.32502953
  H -5.28169028  1.01900250 -2.29098784
  H -4.96976203  1.50352398 -0.61039486
  H -5.50935426 -0.15768404 -0.98433117
  C  3.63922366 -1.20658785 -1.23741316
  C  3.41810453  0.25762734  1.53288224
  C  4.22856801 -2.39045813 -0.45580356
  H  4.72832934 -3.06980922 -1.16586381
  H  3.44283406 -2.96480167  0.05935116
  H  4.97689649 -2.07902111  0.28440010
  C  4.75719729 -0.36509755 -1.87271884
  H  5.35902571 -1.01720721 -2.52817930
  H  5.43430984  0.07746673 -1.13370086
  H  4.35047865  0.44201919 -2.49930341
  C  2.77398689 -1.78173849 -2.37116387
  H  3.42695966 -2.36587425 -3.04060060
  H  2.29282437 -0.99725157 -2.96934286
  H  1.99644467 -2.45696339 -1.98723818
  C  3.34517255 -0.94650194  2.48704618
  H  3.77871824 -0.65899637  3.45960474
  H  3.90720481 -1.81260552  2.11653067
  H  2.30391276 -1.25231136  2.65700086
  C  2.67244498  1.44263181  2.17383936
  H  3.10548598  1.62197120  3.17209426
  H  1.60277114  1.23691588  2.29686088
  H  2.79057480  2.36538300  1.59021132
  C  4.87843301  0.67810325  1.32191062
  H  5.28372474  1.02929745  2.28609681
  H  4.96704597  1.50765511  0.60459740
  H  5.51313383 -0.15050304  0.98244733
  C -0.02006188 -2.49629528 -0.00335931
  H -0.06115996 -1.34871968  2.41114782
  H  0.03594177 -1.34803172 -2.41797971
76

  O  0.00058381 -0.48024723 -2.00146414
  P -2.51856743 -0.17834068  0.08895627
  O -0.03414556 -3.66360001 -0.00274089
  N  0.00016269  1.50867263 -0.00238173
  C -2.28323018  1.44008737  0.96745387
  H -3.19440765  2.05353833  0.93576132
  H -2.11769339  1.15489588  2.01958041
  O -0.00800307 -0.48177381  1.99501423
  P  2.52087745 -0.18504387 -0.08582147
  C -1.09765916  2.22040715  0.45505874
  C -1.11213840  3.60431383  0.45582563
  H -2.00545681  4.11777986  0.81907585
  C  0.00595243  4.33760320 -0.00320941
  H  0.00808286  5.42868960 -0.00379258
  C  1.12120435  3.59948161 -0.46137098
  H  2.01664944  4.10915214 -0.82472218
  C  1.10133165  2.21558082 -0.45959077
  C  2.28440309  1.43035828 -0.97025119
  H  3.19644153  2.04275056 -0.94352840
  H  2.11598606  1.14020929 -2.02053849
  C -3.64202475 -1.19746273  1.24108905
  C -3.41771743  0.25784480 -1.53283295
  C -2.78020193 -1.76988027  2.37878710
  H -3.43589719 -2.35062858  3.04849341
  H -2.29940419 -0.98413310  2.97552973
  H -2.00300611 -2.44786439  1.99922205
  C -4.23034818 -2.38351712  0.46198227
  H -4.73228986 -3.06008715  1.17314507
  H -3.44363342 -2.96009178 -0.04915881
  H -4.97660274 -2.07435222 -0.28121781
 Ru -0.00625963 -0.65180662 -0.00351812
  C -4.76047670 -0.35279791  1.87131803
  H -5.36404676 -1.00214204  2.52791706
  H -5.43583937  0.08791491  1.12964793
  H -4.35407593  0.45604564  2.49589488
  C -3.34087905 -0.94829490 -2.48416723
  H -3.77491108 -0.66449283 -3.45758959
  H -3.90045443 -1.81513996 -2.11159692
  H -2.29864737 -1.25137260 -2.65284843
  C -2.67452281  1.44346416 -2.17548265
  H -3.10777361  1.62003334 -3.17413227
  H -1.60442522  1.24021839 -2.29808189
  H -2.79510906  2.36697079 -1.59350431
  C -4.87920635  0.67577051 -1.32464314
  H -5.28380192  1.02369894 -2.29029017
  H -4.97031820  1.50703338 -0.60963374
  H -5.51285278 -0.15310638 -0.98395147
  C  3.64364683 -1.20624268 -1.23675971
  C  3.42123071  0.25887857  1.53313536
  C  4.23603674 -2.38857787 -0.45513758
  H  4.73667876 -3.06721713 -1.16526788
  H  3.45189930 -2.96433042  0.06088135
  H  4.98426386 -2.07525857  0.28438713
  C  4.75944642 -0.36302779 -1.87352961
  H  5.36212190 -1.01433712 -2.52902323
  H  5.43620320  0.08137454 -1.13526085
  H  4.35068750  0.44288852 -2.50033055
  C  2.77812986 -1.78357901 -2.36921958
  H  3.43123408 -2.36698992 -3.03917092
  H  2.29483124 -1.00026798 -2.96724170
  H  2.00211727 -2.45982635 -1.98394686
  C  3.35061277 -0.94488124  2.48795398
  H  3.78424277 -0.65635682  3.46017867
  H  3.91363271 -1.81039683  2.11752799
  H  2.30983799 -1.25209011  2.65856838
  C  2.67339928  1.44266750  2.17379418
  H  3.10610288  1.62317431  3.17198957
  H  1.60409206  1.23498985  2.29699781
  H  2.78972069  2.36549885  1.58992846
  C  4.88067931  0.68195096  1.32148901
  H  5.28583350  1.03426193  2.28533885
  H  4.96745920  1.51137406  0.60379346
  H  5.51671627 -0.14563077  0.98199804
  C -0.02060096 -2.49992409 -0.00358257
  H -0.06140602 -1.35268264  2.41133754
  H  0.03550224 -1.35178098 -2.41851986
