76

  P  2.40145150 -0.19940783 -0.11653614
  N -0.04170560  1.45709914 -0.15991115
  C  2.17684266  1.27599832 -1.21093877
  H  3.10560021  1.85084086 -1.32393273
  H  1.92065794  0.83984560 -2.19163214
  O -0.12698867 -0.95352372 -1.98533833
  P -2.44022781 -0.13389154  0.13621616
  C  1.06399807  2.13081676 -0.68118341
  C  1.16283897  3.50648430 -0.65037318
  H  2.05768770  3.96926312 -1.07394317
  C  0.14264062  4.30064900 -0.06991921
  H  0.21170983  5.38851807 -0.03753096
  C -0.96830795  3.60791689  0.47751213
  H -1.79895085  4.15512666  0.93065105
  C -1.04039941  2.23162234  0.43061484
  C -2.23444828  1.49330518  0.97970609
  H -3.14555958  2.10445086  0.91791196
  H -2.08372509  1.24191747  2.04433680
 Ru -0.03515366 -0.73847306  0.09003238
  H  0.61429435 -1.51063641 -2.24393095
  C -3.27099703  0.23643078 -1.53875054
  C -3.60871586 -1.13810090  1.26145236
  C  3.54404641 -1.37820976 -1.09399388
  C  3.27207630  0.40056297  1.46936053
  C  2.47111740  1.58585945  2.04541457
  H  2.56334609  2.47721440  1.41352985
  H  1.40413402  1.37843629  2.17738034
  H  2.89040939  1.82745664  3.03535958
  C  3.32143418 -0.74597696  2.49978924
  H  3.47618662 -0.31697776  3.50284278
  H  2.39902608 -1.33896375  2.53090770
  H  4.15219695 -1.43319955  2.30465328
  C  4.69740401  0.90769401  1.20115918
  H  5.08756207  1.34999861  2.13297104
  H  5.38264886  0.10177074  0.91037489
  H  4.71790341  1.69024850  0.42834355
  C  4.66118628 -0.59932262 -1.80882198
  H  5.30072954 -0.03226932 -1.12406888
  H  5.30033420 -1.32505543 -2.33908416
  H  4.25546616  0.09141408 -2.56170859
  C  4.13805583 -2.43902927 -0.15677548
  H  4.63524018 -3.20763167 -0.77059134
  H  4.89212151 -2.02317970  0.52234600
  H  3.36012548 -2.93856021  0.44032480
  C  2.72671653 -2.10785405 -2.16923342
  H  1.93250402 -2.72701195 -1.72911553
  H  2.30148359 -1.41183453 -2.90613029
  H  3.40345479 -2.78239637 -2.71790939
  C -3.25746359 -1.02312845 -2.42230455
  H -3.59331559 -0.74215905 -3.43474199
  H -2.24325835 -1.43533984 -2.49505471
  H -3.93781315 -1.80005175 -2.05523848
  C -4.71207856  0.73980541 -1.37079370
  H -5.07924025  1.06003418 -2.36029210
  H -5.39139392 -0.04201357 -1.00787391
  H -4.77673272  1.60800661 -0.69809400
  C -2.46269391  1.34549769 -2.23772825
  H -2.51624508  2.29805469 -1.69311445
  H -1.40970542  1.07322523 -2.36082027
  H -2.90245256  1.50575600 -3.23584035
  C -2.80978690 -1.67355409  2.45782148
  H -1.99563744 -2.34167779  2.14748543
  H -2.39572946 -0.86448778  3.07248137
  H -3.49696034 -2.25315913  3.09547054
  C -4.74785946 -0.26559365  1.81623153
  H -5.38790163  0.15865195  1.03559599
  H -5.38227354 -0.89710949  2.46051151
  H -4.36441103  0.55545932  2.43885142
  C -4.17588755 -2.33889639  0.49113627
  H -4.69787541 -2.99721241  1.20454002
  H -4.90332959 -2.03968696 -0.27399128
  H -3.37964957 -2.92825280  0.01150931
  O -0.18846521 -2.72552894  0.07131682
  C  0.02675220 -0.63669007  1.92540883
  H -0.25065949 -2.87839415 -0.88841403
  O  0.08261557 -0.58098941  3.08410409
76

  P  2.40162779 -0.19990783 -0.11634032
  N -0.04128510  1.45780409 -0.15954963
  C  2.17700796  1.27594507 -1.21025480
  H  3.10577669  1.85080778 -1.32302279
  H  1.92085219  0.84032622 -2.19118660
  O -0.12757798 -0.95701752 -1.98515545
  P -2.44039554 -0.13431183  0.13642604
  C  1.06408152  2.13094553 -0.68084676
  C  1.16266596  3.50683730 -0.65093751
  H  2.05736880  3.96979042 -1.07458640
  C  0.14205950  4.30062192 -0.07116455
  H  0.21077691  5.38854820 -0.03937929
  C -0.96877862  3.60823909  0.47637823
  H -1.79954439  4.15556192  0.92911595
  C -1.04032907  2.23169267  0.43008615
  C -2.23419363  1.49314940  0.97949617
  H -3.14527337  2.10435813  0.91795285
  H -2.08298045  1.24205062  2.04411760
 Ru -0.03513242 -0.74218965  0.09025918
  H  0.61468710 -1.51260032 -2.24422982
  C -3.27113946  0.23628738 -1.53855527
  C -3.60987939 -1.13711824  1.26194525
  C  3.54511437 -1.37731812 -1.09447188
  C  3.27213154  0.40013319  1.46964643
  C  2.47019689  1.58449210  2.04626092
  H  2.56157511  2.47623248  1.41477288
  H  1.40341972  1.37597173  2.17823181
  H  2.88934885  1.82610557  3.03626407
  C  3.32238209 -0.74676189  2.49963063
  H  3.47715534 -0.31806448  3.50281442
  H  2.40028341 -1.34022684  2.53073591
  H  4.15346943 -1.43346248  2.30403420
  C  4.69707377  0.90843011  1.20167897
  H  5.08698471  1.35053415  2.13369587
  H  5.38286349  0.10312531  0.91044988
  H  4.71703944  1.69139662  0.42926478
  C  4.66182424 -0.59761578 -1.80905975
  H  5.30097098 -0.03031622 -1.12413384
  H  5.30146922 -1.32281690 -2.33945708
  H  4.25574989  0.09305147 -2.56181838
  C  4.13976241 -2.43823943 -0.15777726
  H  4.63721947 -3.20639198 -0.77194038
  H  4.89372695 -2.02227461  0.52139242
  H  3.36215112 -2.93834388  0.43926290
  C  2.72802074 -2.10691717 -2.16993096
  H  1.93444875 -2.72696681 -1.72990537
  H  2.30191038 -1.41074219 -2.90618456
  H  3.40507250 -2.78056600 -2.71932337
  C -3.25844505 -1.02355795 -2.42173241
  H -3.59412719 -0.74271008 -3.43426241
  H -2.24453221 -1.43651160 -2.49438539
  H -3.93930040 -1.79991754 -2.05440885
  C -4.71186032  0.74076071 -1.37091878
  H -5.07877894  1.06088047 -2.36054873
  H -5.39174729 -0.04043425 -1.00771806
  H -4.77594118  1.60926057 -0.69854748
  C -2.46196586  1.34448782 -2.23790669
  H -2.51509928  2.29739080 -1.69385535
  H -1.40909624  1.07152853 -2.36061280
  H -2.90131095  1.50451158 -3.23624092
  C -2.81128396 -1.67282452  2.45842565
  H -1.99788916 -2.34191704  2.14818563
  H -2.39617750 -0.86391348  3.07259401
  H -3.49888945 -2.25142498  3.09652844
  C -4.74844764 -0.26373894  1.81650119
  H -5.38798075  0.16104352  1.03573502
  H -5.38351940 -0.89473472  2.46064844
  H -4.36448612  0.55700587  2.43921088
  C -4.17787105 -2.33775789  0.49199051
  H -4.70023766 -2.99557995  1.20557768
  H -4.90516068 -2.03829050 -0.27318335
  H -3.38202987 -2.92773499  0.01246006
  O -0.18677369 -2.73021043  0.07090094
  C  0.02717127 -0.64056719  1.92545968
  H -0.24906475 -2.88224955 -0.88885849
  O  0.08308548 -0.58506258  3.08426011
76

  P  2.40180082 -0.20040804 -0.11614538
  N -0.04086621  1.45850981 -0.15918736
  C  2.17717153  1.27589220 -1.20957042
  H  3.10595155  1.85077490 -1.32211185
  H  1.92104506  0.84080804 -2.19074078
  O -0.12816669 -0.96051372 -1.98497767
  P -2.44055950 -0.13473206  0.13663434
  C  1.06416365  2.13107508 -0.68050889
  C  1.16249249  3.50719043 -0.65150028
  H  2.05704949  3.97031742 -1.07522832
  C  0.14147890  4.30059474 -0.07240767
  H  0.20984501  5.38857775 -0.04122506
  C -0.96924905  3.60856124  0.47524559
  H -1.80013771  4.15599672  0.92758215
  C -1.04025826  2.23176351  0.42955816
  C -2.23393653  1.49299325  0.97928550
  H -3.14498556  2.10426372  0.91799399
  H -2.08223220  1.24218298  2.04389709
 Ru -0.03511098 -0.74590652  0.09048014
  H  0.61507693 -1.51456520 -2.24453335
  C -3.27127971  0.23614377 -1.53836080
  C -3.61103591 -1.13613465  1.26243801
  C  3.54617847 -1.37642641 -1.09494851
  C  3.27218240  0.39970322  1.46993203
  C  2.46927281  1.58312388  2.04710579
  H  2.55980105  2.47524862  1.41601461
  H  1.40270272  1.37350690  2.17908044
  H  2.88828393  1.82475349  3.03716743
  C  3.32332459 -0.74754602  2.49947177
  H  3.47811826 -0.31915018  3.50278567
  H  2.40153535 -1.34148868  2.53056315
  H  4.15473604 -1.43372459  2.30341581
  C  4.69673871  0.90916504  1.20219999
  H  5.08640219  1.35106825  2.13442203
  H  5.38307273  0.10447901  0.91052698
  H  4.71617118  1.69254288  0.43018738
  C  4.66245915 -0.59590991 -1.80929478
  H  5.30120868 -0.02836462 -1.12419535
  H  5.30260110 -1.32057944 -2.33982619
  H  4.25603189  0.09468776 -2.56192607
  C  4.14146358 -2.43744903 -0.15877690
  H  4.63919340 -3.20515190 -0.77328640
  H  4.89532640 -2.02136923  0.52044176
  H  3.36417071 -2.93812630  0.43820219
  C  2.72932182 -2.10597992 -2.17062781
  H  1.93639030 -2.72692025 -1.73069592
  H  2.30233523 -1.40965079 -2.90623842
  H  3.40668644 -2.77873503 -2.72073519
  C -3.25942454 -1.02398691 -2.42116110
  H -3.59493814 -0.74326085 -3.43378323
  H -2.24580440 -1.43768187 -2.49371771
  H -3.94078439 -1.79978288 -2.05357960
  C -4.71163926  0.74171440 -1.37104350
  H -5.07831614  1.06172476 -2.36080455
  H -5.39209650 -0.03885651 -1.00756143
  H -4.77514648  1.61051233 -0.69900059
  C -2.46123776  1.34347753 -2.23808636
  H -2.51395313  2.29672595 -1.69459762
  H -1.40848747  1.06983247 -2.36040748
  H -2.90017071  1.50326588 -3.23664196
  C -2.81277222 -1.67209332  2.45902865
  H -2.00013335 -2.34215364  2.14888401
  H -2.39661629 -0.86333884  3.07270466
  H -3.50080749 -2.24968873  3.09758587
  C -4.74902771 -0.26188399  1.81677205
  H -5.38805245  0.16343442  1.03587605
  H -5.38475562 -0.89235920  2.46078747
  H -4.36455286  0.55855260  2.43957088
  C -4.17984822 -2.33661812  0.49284569
  H -4.70259198 -2.99394598  1.20661706
  H -4.90698654 -2.03689322 -0.27237352
  H -3.38440477 -2.92721547  0.01341082
  O -0.18508641 -2.73488975  0.07048359
  C  0.02758947 -0.64444402  1.92550459
  H -0.24747464 -2.88610384 -0.88930557
  O  0.08355374 -0.58913532  3.08441020
76

  P  2.40197057 -0.20090846 -0.11595129
  N -0.04044897  1.45921631 -0.15882435
  C  2.17733334  1.27583969 -1.20888565
  H  3.10612478  1.85074223 -1.32119990
  H  1.92123654  0.84129103 -2.19029466
  O -0.12875478 -0.96401229 -1.98480497
  P -2.44071968 -0.13515224  0.13684107
  C  1.06424443  2.13120541 -0.68016983
  C  1.16231854  3.50754367 -0.65206157
  H  2.05672974  3.97084411 -1.07586899
  C  0.14089880  4.30056747 -0.07364864
  H  0.20891408  5.38860671 -0.04306836
  C -0.96971926  3.60888334  0.47411415
  H -1.80073084  4.15643107  0.92604959
  C -1.04018701  2.23183488  0.42903084
  C -2.23367698  1.49283672  0.97907409
  H -3.14469616  2.10416766  0.91803539
  H -2.08148034  1.24231457  2.04367527
 Ru -0.03508933 -0.74962368  0.09069528
  H  0.61546384 -1.51653104 -2.24484153
  C -3.27141779  0.23599997 -1.53816711
  C -3.61218542 -1.13515013  1.26293065
  C  3.54723871 -1.37553463 -1.09542378
  C  3.27222889  0.39927306  1.47021736
  C  2.46834515  1.58175477  2.04794922
  H  2.55802394  2.47426279  1.41725506
  H  1.40198304  1.37104178  2.17992624
  H  2.88721463  1.82340038  3.03806970
  C  3.32426168 -0.74832939  2.49931268
  H  3.47907537 -0.32023488  3.50275655
  H  2.40278193 -1.34274929  2.53038943
  H  4.15599680 -1.43398589  2.30279813
  C  4.69639881  0.90989877  1.20272225
  H  5.08581452  1.35160088  2.13514954
  H  5.38327659  0.10583183  0.91060620
  H  4.71529863  1.69368728  0.43111135
  C  4.66309100 -0.59420502 -1.80952707
  H  5.30144263 -0.02641452 -1.12425340
  H  5.30372986 -1.31834303 -2.34019151
  H  4.25631216  0.09632294 -2.56203165
  C  4.14315936 -2.43665808 -0.15977438
  H  4.64116199 -3.20391141 -0.77462940
  H  4.89691987 -2.02046354  0.51949403
  H  3.36618429 -2.93790749  0.43714267
  C  2.73061980 -2.10504229 -2.17132397
  H  1.93832869 -2.72687228 -1.73148718
  H  2.30275816 -1.40856031 -2.90629187
  H  3.40829661 -2.77690345 -2.72214484
  C -3.26040206 -1.02441531 -2.42059061
  H -3.59574844 -0.74381132 -3.43330447
  H -2.24707494 -1.43885064 -2.49305165
  H -3.94226513 -1.79964774 -2.05275071
  C -4.71141539  0.74266649 -1.37116786
  H -5.07785187  1.06256704 -2.36105955
  H -5.39244154 -0.03728034 -1.00740401
  H -4.77434863  1.61176188 -0.69945330
  C -2.46050963  1.34246686 -2.23826724
  H -2.51280663  2.29606018 -1.69534125
  H -1.40787909  1.06813706 -2.36020429
  H -2.89903182  1.50201891 -3.23704347
  C -2.81425167 -1.67136051  2.45963049
  H -2.00237001 -2.34238760  2.14958060
  H -2.39704584 -0.86276388  3.07281332
  H -3.50271443 -2.24795039  3.09864283
  C -4.74959966 -0.26002883  1.81704411
  H -5.38811675  0.16582464  1.03601909
  H -5.38598218 -0.88998295  2.46092859
  H -4.36461125  0.56009951  2.43993143
  C -4.18181905 -2.33547709  0.49370179
  H -4.70493836 -2.99231053  1.20765817
  H -4.90880715 -2.03549513 -0.27156177
  H -3.38677425 -2.92669423  0.01436156
  O -0.18340341 -2.73956690  0.07006471
  C  0.02800681 -0.64832056  1.92554358
  H -0.24588918 -2.88995701 -0.88975529
  O  0.08402036 -0.59320762  3.08455437
76

  P  2.40213706 -0.20140910 -0.11575805
  N -0.04003337  1.45992359 -0.15846064
  C  2.17749339  1.27578754 -1.20820049
  H  3.10629637  1.85070974 -1.32028696
  H  1.92142662  0.84177516 -2.18984824
  O -0.12934224 -0.96751320 -1.98463736
  P -2.44087608 -0.13557235  0.13704624
  C  1.06432384  2.13133651 -0.67982961
  C  1.16214409  3.50789704 -0.65262142
  H  2.05640954  3.97137050 -1.07650847
  C  0.14031916  4.30054011 -0.07488754
  H  0.20798411  5.38863509 -0.04490929
  C -0.97018928  3.60920542  0.47298386
  H -1.80132379  4.15686499  0.92451822
  C -1.04011532  2.23190677  0.42850417
  C -2.23341501  1.49267983  0.97886193
  H -3.14440519  2.10406994  0.91807702
  H -2.08072489  1.24244543  2.04345214
 Ru -0.03506748 -0.75334112  0.09090462
  H  0.61584783 -1.51849780 -2.24515434
  C -3.27155370  0.23585599 -1.53797420
  C -3.61332792 -1.13416468  1.26342317
  C  3.54829512 -1.37464278 -1.09589768
  C  3.27227101  0.39884268  1.47050243
  C  2.46741393  1.58038476  2.04879121
  H  2.55624376  2.47327499  1.41849426
  H  1.40126066  1.36857636  2.18076925
  H  2.88614095  1.82204623  3.03897089
  C  3.32519338 -0.74911202  2.49915337
  H  3.48002668 -0.32131862  3.50272707
  H  2.40402313 -1.34400870  2.53021476
  H  4.15725169 -1.43424643  2.30218116
  C  4.69605409  0.91063129  1.20324578
  H  5.08522170  1.35213203  2.13587842
  H  5.38347509  0.10718373  0.91068754
  H  4.71442180  1.69482981  0.43203672
  C  4.66371980 -0.59250107 -1.80975659
  H  5.30167285 -0.02446590 -1.12430797
  H  5.30485548 -1.31610766 -2.34055301
  H  4.25659070  0.09795705 -2.56213511
  C  4.14484977 -2.43586659 -0.16076970
  H  4.64312525 -3.20267051 -0.77596938
  H  4.89850737 -2.01955755  0.51854922
  H  3.36819187 -2.93768743  0.43608434
  C  2.73191468 -2.10410428 -2.17201942
  H  1.94026392 -2.72682291 -1.73227915
  H  2.30317918 -1.40747076 -2.90634490
  H  3.40990305 -2.77507126 -2.72355233
  C -3.26137762 -1.02484313 -2.42002092
  H -3.59655809 -0.74436149 -3.43282609
  H -2.24834381 -1.44001788 -2.49238723
  H -3.94374261 -1.79951213 -2.05192219
  C -4.71118872  0.74361699 -1.37129184
  H -5.07738614  1.06340735 -2.36131372
  H -5.39278242 -0.03570572 -1.00724580
  H -4.77354763  1.61300924 -0.69990560
  C -2.45978147  1.34145583 -2.23844933
  H -2.51165979  2.29539351 -1.69608622
  H -1.40727111  1.06644234 -2.36000322
  H -2.89789431  1.50077071 -3.23744543
  C -2.81572232 -1.67062608  2.46023117
  H -2.00459913 -2.34261892  2.15027538
  H -2.39746615 -0.86218859  3.07291999
  H -3.50461026 -2.24620999  3.09969933
  C -4.75016350 -0.25817345  1.81731739
  H -5.38817365  0.16821416  1.03616415
  H -5.38719910 -0.88760600  2.46107181
  H -4.36466129  0.56164656  2.44029252
  C -4.18378352 -2.33433479  0.49455883
  H -4.70727678 -2.99067359  1.20870100
  H -4.91062250 -2.03409624 -0.27074810
  H -3.38913829 -2.92617127  0.01531231
  O -0.18172471 -2.74424191  0.06964424
  C  0.02842329 -0.65219681  1.92557668
  H -0.24430839 -2.89380908 -0.89020770
  O  0.08448534 -0.59727948  3.08469264
76

  P  2.40230030 -0.20190996 -0.11556564
  N -0.03961942  1.46063164 -0.15809624
  C  2.17765167  1.27573573 -1.20751493
  H  3.10646630  1.85067744 -1.31937304
  H  1.92161531  0.84226041 -2.18940151
  O -0.12992907 -0.97101643 -1.98447482
  P -2.44102871 -0.13599239  0.13724987
  C  1.06440189  2.13146837 -0.67948827
  C  1.16196913  3.50825052 -0.65317990
  H  2.05608885  3.97189656 -1.07714684
  C  0.13973997  4.30051266 -0.07612444
  H  0.20705505  5.38866291 -0.04674793
  C -0.97065911  3.60952747  0.47185466
  H -1.80191657  4.15729848  0.92298798
  C -1.04004321  2.23197921  0.42797812
  C -2.23315061  1.49252260  0.97864902
  H -3.14411266  2.10397058  0.91811889
  H -2.07996584  1.24257558  2.04322771
 Ru -0.03504542 -0.75705883  0.09110817
  H  0.61622891 -1.52046547 -2.24547180
  C -3.27168743  0.23571185 -1.53778205
  C -3.61446339 -1.13317831  1.26391559
  C  3.54934769 -1.37375086 -1.09637019
  C  3.27230875  0.39841208  1.47078727
  C  2.46647914  1.57901383  2.04963179
  H  2.55446052  2.47228520  1.41973224
  H  1.40053559  1.36611061  2.18160947
  H  2.88506291  1.82069100  3.03987103
  C  3.32611969 -0.74989393  2.49899385
  H  3.48097220 -0.32240142  3.50269724
  H  2.40525897 -1.34526692  2.53003915
  H  4.15850073 -1.43450621  2.30156491
  C  4.69570454  0.91136259  1.20377058
  H  5.08462375  1.35266167  2.13660870
  H  5.38366821  0.10853472  0.91077102
  H  4.71354068  1.69597046  0.43296351
  C  4.66434557 -0.59079808 -1.80998335
  H  5.30189933 -0.02251874 -1.12435905
  H  5.30597800 -1.31387330 -2.34091071
  H  4.25686750  0.09959008 -2.56223644
  C  4.14653483 -2.43507455 -0.16176287
  H  4.64508322 -3.20142921 -0.77730635
  H  4.90008893 -2.01865126  0.51760734
  H  3.37019347 -2.93746615  0.43502721
  C  2.73320648 -2.10316590 -2.17271417
  H  1.94219603 -2.72677214 -1.73307181
  H  2.30359828 -1.40638212 -2.90639751
  H  3.41150577 -2.77323844 -2.72495766
  C -3.26235120 -1.02527036 -2.41945203
  H -3.59736709 -0.74491133 -3.43234810
  H -2.24961102 -1.44118359 -2.49172442
  H -3.94521683 -1.79937602 -2.05109402
  C -4.71095925  0.74456591 -1.37141541
  H -5.07691894  1.06424569 -2.36156702
  H -5.39311915 -0.03413266 -1.00708678
  H -4.77274350  1.61425442 -0.70035748
  C -2.45905327  1.34044445 -2.23863260
  H -2.51051262  2.29472594 -1.69683251
  H -1.40666353  1.06474832 -2.35980426
  H -2.89675817  1.49952131 -3.23784782
  C -2.81718415 -1.66989005  2.46083070
  H -2.00682069 -2.34284761  2.15096838
  H -2.39787723 -0.86161300  3.07302469
  H -3.50649498 -2.24446753  3.10075538
  C -4.75071923 -0.25631788  1.81759187
  H -5.38822315  0.17060299  1.03631123
  H -5.38840638 -0.88522837  2.46121714
  H -4.36470299  0.56319375  2.44065418
  C -4.18574162 -2.33319124  0.49541681
  H -4.70960723 -2.98903519  1.20974555
  H -4.91243259 -2.03269655 -0.26993252
  H -3.39149688 -2.92564659  0.01626305
  O -0.18005034 -2.74891479  0.06922210
  C  0.02883890 -0.65607276  1.92560391
  H -0.24273229 -2.89766003 -0.89066282
  O  0.08494869 -0.60135089  3.08482502
76

  P  2.40246027 -0.20241106 -0.11537405
  N -0.03920713  1.46134048 -0.15773119
  C  2.17780816  1.27568426 -1.20682898
  H  3.10663457  1.85064531 -1.31845815
  H  1.92180258  0.84274675 -2.18895446
  O -0.13051526 -0.97452194 -1.98431734
  P -2.44117757 -0.13641234  0.13745196
  C  1.06447854  2.13160100 -0.67914584
  C  1.16179362  3.50860412 -0.65373707
  H  2.05576767  3.97242231 -1.07778416
  C  0.13916121  4.30048514 -0.07735941
  H  0.20612690  5.38869016 -0.04858439
  C -0.97112878  3.60984951  0.47072650
  H -1.80250921  4.15773157  0.92145880
  C -1.03997068  2.23205218  0.42745266
  C -2.23288379  1.49236504  0.97843536
  H -3.14381858  2.10386959  0.91816098
  H -2.07920321  1.24270505  2.04300196
 Ru -0.03502316 -0.76077679  0.09130595
  H  0.61660708 -1.52243403 -2.24579388
  C -3.27181900  0.23556755 -1.53759064
  C -3.61559184 -1.13219102  1.26440791
  C  3.55039645 -1.37285886 -1.09684132
  C  3.27234213  0.39798123  1.47107188
  C  2.46554079  1.57764195  2.05047099
  H  2.55267422  2.47129340  1.42096902
  H  1.39980784  1.36364452  2.18244694
  H  2.88398049  1.81933467  3.04077013
  C  3.32704060 -0.75067514  2.49883413
  H  3.48191192 -0.32348332  3.50266708
  H  2.40648945 -1.34652399  2.52986261
  H  4.15974393 -1.43476527  2.30094939
  C  4.69535018  0.91209265  1.20429669
  H  5.08402066  1.35318978  2.13734038
  H  5.38385597  0.10988478  0.91085666
  H  4.71265530  1.69710922  0.43389174
  C  4.66496830 -0.58909601 -1.81020735
  H  5.30212208 -0.02057305 -1.12440665
  H  5.30709742 -1.31163996 -2.34126460
  H  4.25714258  0.10122206 -2.56233563
  C  4.14821455 -2.43428197 -0.16275388
  H  4.64703592 -3.20018750 -0.77864029
  H  4.90166455 -2.01774467  0.51666839
  H  3.37218912 -2.93724366  0.43397128
  C  2.73449522 -2.10222713 -2.17340821
  H  1.94412501 -2.72671998 -1.73386516
  H  2.30401548 -1.40529440 -2.90644968
  H  3.41310478 -2.77140499 -2.72636082
  C -3.26332281 -1.02569697 -2.41888394
  H -3.59817544 -0.74546081 -3.43187049
  H -2.25087656 -1.44234774 -2.49106322
  H -3.94668779 -1.79923941 -2.05026620
  C -4.71072699  0.74551327 -1.37153858
  H -5.07645030  1.06508209 -2.36181946
  H -5.39345174 -0.03256115 -1.00692692
  H -4.77193624  1.61549743 -0.70080890
  C -2.45832505  1.33943275 -2.23881704
  H -2.50936513  2.29405750 -1.69758011
  H -1.40605635  1.06305502 -2.35960740
  H -2.89562341  1.49827073 -3.23825063
  C -2.81863716 -1.66915242  2.46142909
  H -2.00903469 -2.34307367  2.15165959
  H -2.39827906 -0.86103710  3.07312742
  H -3.50836858 -2.24272304  3.10181096
  C -4.75126685 -0.25446212  1.81786759
  H -5.38826525  0.17299110  1.03646034
  H -5.38960400 -0.88285007  2.46136458
  H -4.36473637  0.56474107  2.44101641
  C -4.18769334 -2.33204643  0.49627572
  H -4.71192969 -2.98739532  1.21079182
  H -4.91423739 -2.03129606 -0.26911501
  H -3.39385000 -2.92512019  0.01721380
  O -0.17838031 -2.75358556  0.06879824
  C  0.02925365 -0.65994841  1.92562527
  H -0.24116089 -2.90150987 -0.89112069
  O  0.08541039 -0.60542184  3.08495154
76

  P  2.40261698 -0.20291240 -0.11518326
  N -0.03879651  1.46205009 -0.15736550
  C  2.17796287  1.27563312 -1.20614265
  H  3.10680115  1.85061334 -1.31754230
  H  1.92198843  0.84323416 -2.18850710
  O -0.13110079 -0.97802970 -1.98416491
  P -2.44132264 -0.13683221  0.13765252
  C  1.06455380  2.13173438 -0.67880236
  C  1.16161756  3.50895783 -0.65429299
  H  2.05544597  3.97294772 -1.07842050
  C  0.13858284  4.30045754 -0.07859253
  H  0.20519960  5.38871686 -0.05041875
  C -0.97159830  3.61017155  0.46959932
  H -1.80310172  4.15816427  0.91993064
  C -1.03989776  2.23212570  0.42692775
  C -2.23261457  1.49220715  0.97822094
  H -3.14352295  2.10376697  0.91820331
  H -2.07843700  1.24283386  2.04277490
 Ru -0.03500068 -0.76449502  0.09149799
  H  0.61698236 -1.52440346 -2.24612059
  C -3.27194840  0.23542312 -1.53739997
  C -3.61671326 -1.13120282  1.26490013
  C  3.55144139 -1.37196678 -1.09731104
  C  3.27237114  0.39755012  1.47135628
  C  2.46459887  1.57626913  2.05130882
  H  2.55088487  2.47029959  1.42220462
  H  1.39907739  1.36117808  2.18328167
  H  2.88289371  1.81797723  3.04166823
  C  3.32795612 -0.75145568  2.49867422
  H  3.48284586 -0.32456434  3.50263660
  H  2.40771456 -1.34777993  2.52968515
  H  4.16098128 -1.43502362  2.30033460
  C  4.69499100  0.91282145  1.20482410
  H  5.08341243  1.35371636  2.13807350
  H  5.38403837  0.11123389  0.91094446
  H  4.71176564  1.69824608  0.43482143
  C  4.66558801 -0.58739487 -1.81042856
  H  5.30234111 -0.01862880 -1.12445076
  H  5.30821374 -1.30940760 -2.34161466
  H  4.25741593  0.10285300 -2.56243267
  C  4.14988896 -2.43348885 -0.16374272
  H  4.64898337 -3.19894537 -0.77997122
  H  4.90323427 -2.01683778  0.51573238
  H  3.37417883 -2.93701995  0.43291656
  C  2.73578090 -2.10128797 -2.17410153
  H  1.94605088 -2.72666642 -1.73465919
  H  2.30443079 -1.40420757 -2.90650142
  H  3.41470011 -2.76957091 -2.72776180
  C -3.26429244 -1.02612295 -2.41831662
  H -3.59898315 -0.74600992 -3.43139324
  H -2.25214042 -1.44351031 -2.49040363
  H -3.94815549 -1.79910227 -2.04943872
  C -4.71049194  0.74645908 -1.37166132
  H -5.07598021  1.06591655 -2.36207101
  H -5.39378017 -0.03099117 -1.00676623
  H -4.77112587  1.61673828 -0.70125987
  C -2.45759680  1.33842074 -2.23900263
  H -2.50821732  2.29338821 -1.69832900
  H -1.40544956  1.06136248 -2.35941263
  H -2.89449003  1.49701899 -3.23865385
  C -2.82008134 -1.66841321  2.46202634
  H -2.01124110 -2.34329709  2.15234902
  H -2.39867166 -0.86046092  3.07322819
  H -3.51023105 -2.24097653  3.10286609
  C -4.75180636 -0.25260620  1.81814453
  H -5.38829997  0.17537848  1.03661148
  H -5.39079198 -0.88047113  2.46151413
  H -4.36476141  0.56628850  2.44137922
  C -4.18963867 -2.33090038  0.49713558
  H -4.71424415 -2.98575401  1.21183982
  H -4.91603691 -2.02989477 -0.26829557
  H -3.39619763 -2.92459207  0.01816456
  O -0.17671465 -2.75825423  0.06837258
  C  0.02966753 -0.66382376  1.92564080
  H -0.23959421 -2.90535859 -0.89158133
  O  0.08587045 -0.60949233  3.08507221
76

  P  2.40277045 -0.20341398 -0.11499328
  N -0.03838756  1.46276047 -0.15699921
  C  2.17811577  1.27558229 -1.20545593
  H  3.10696604  1.85058154 -1.31662550
  H  1.92217286  0.84372261 -2.18805942
  O -0.13168567 -0.98153967 -1.98401752
  P -2.44146394 -0.13725198  0.13785156
  C  1.06462765  2.13186852 -0.67845786
  C  1.16144092  3.50931165 -0.65484772
  H  2.05512372  3.97347280 -1.07905591
  C  0.13800485  4.30042987 -0.07982387
  H  0.20427315  5.38874301 -0.05225110
  C -0.97206769  3.61049359  0.46847308
  H -1.80369411  4.15859658  0.91840342
  C -1.03982444  2.23219978  0.42640338
  C -2.23234295  1.49204895  0.97800578
  H -3.14322579  2.10366274  0.91824585
  H -2.07766722  1.24296205  2.04254654
 Ru -0.03497800 -0.76821348  0.09168430
  H  0.61735475 -1.52637373 -2.24645191
  C -3.27207563  0.23527857 -1.53721003
  C -3.61782765 -1.13021372  1.26539226
  C  3.55248253 -1.37107462 -1.09777937
  C  3.27239579  0.39711873  1.47164048
  C  2.46365339  1.57489533  2.05214531
  H  2.54909247  2.46930376  1.42343906
  H  1.39834426  1.35871126  2.18411368
  H  2.88180256  1.81661864  3.04256533
  C  3.32886626 -0.75223557  2.49851414
  H  3.48377400 -0.32564452  3.50260581
  H  2.40893432 -1.34903476  2.52950677
  H  4.16221279 -1.43528128  2.29972055
  C  4.69462702  0.91354899  1.20535285
  H  5.08279908  1.35424136  2.13880806
  H  5.38421542  0.11258204  0.91103445
  H  4.71087172  1.69938103  0.43575260
  C  4.66620468 -0.58569464 -1.81064698
  H  5.30255641 -0.01668599 -1.12449136
  H  5.30932697 -1.30717621 -2.34196091
  H  4.25768755  0.10448292 -2.56252755
  C  4.15155806 -2.43269518 -0.16472939
  H  4.65092558 -3.19770283 -0.78129914
  H  4.90479808 -2.01593060  0.51479931
  H  3.37616263 -2.93679505  0.43186304
  C  2.73706354 -2.10034843 -2.17479413
  H  1.94797367 -2.72661147 -1.73545390
  H  2.30484420 -1.40312165 -2.90655272
  H  3.41629177 -2.76773618 -2.72916062
  C -3.26526010 -1.02654828 -2.41775008
  H -3.59979021 -0.74655863 -3.43091635
  H -2.25340260 -1.44467128 -2.48974564
  H -3.94961992 -1.79896461 -2.04861158
  C -4.71025411  0.74740334 -1.37178362
  H -5.07550868  1.06674911 -2.36232165
  H -5.39410447 -0.02942272 -1.00660469
  H -4.77031238  1.61797698 -0.70171035
  C -2.45686854  1.33740845 -2.23918938
  H -2.50706920  2.29271808 -1.69907916
  H -1.40484318  1.05967071 -2.35921993
  H -2.89335804  1.49576612 -3.23905747
  C -2.82151670 -1.66767243  2.46262246
  H -2.01343993 -2.34351789  2.15303668
  H -2.39905502 -0.85988445  3.07332700
  H -3.51208238 -2.23922802  3.10392077
  C -4.75233778 -0.25075012  1.81842272
  H -5.38832731  0.17776512  1.03676467
  H -5.39197032 -0.87809157  2.46166581
  H -4.36477815  0.56783602  2.44174262
  C -4.19157759 -2.32975308  0.49799639
  H -4.71655059 -2.98411127  1.21288953
  H -4.91783112 -2.02849270 -0.26747421
  H -3.39853975 -2.92406222  0.01911532
  O -0.17505339 -2.76292083  0.06794506
  C  0.03008055 -0.66769881  1.92565050
  H -0.23803227 -2.90920621 -0.89204478
  O  0.08632888 -0.61356235  3.08518705