76

  O -0.35670233 -1.48333741 -1.33572029
  P -0.38341805 -1.49614276  1.90426113
  O  3.23910868 -1.48593295 -0.24390464
  N -1.42509327  0.64979761  0.10987678
  C -1.52520903 -0.14430989  2.45769140
  H -2.28534426 -0.51969624  3.15711874
  H -0.87276159  0.54360903  3.02128487
  O  1.05373185  1.16241080  1.28225055
  P  0.63577689  1.38214722 -1.92371260
  C -2.16345358  0.57237064  1.29270651
  C -3.41916238  1.13196713  1.39937659
  H -3.95463531  1.03010053  2.34696804
  C -4.00589059  1.82879205  0.30843046
  H -4.99560556  2.28084372  0.38454974
  C -3.24050180  1.90804021 -0.88649980
  H -3.63017188  2.43256833 -1.76289410
  C -1.99404155  1.32465493 -0.97236390
  C -1.18971088  1.38270212 -2.24823193
  H -1.48890182  2.24039055 -2.86690941
  H -1.35516882  0.47222804 -2.84840469
  C  0.74988598 -1.85162513  3.39274710
  C -1.49823929 -2.99287516  1.52732625
  C  1.82891164 -0.76005355  3.47683054
  H  2.46147117 -0.97383224  4.35406346
  H  1.40124481  0.24223408  3.60547481
  H  2.47756412 -0.75802416  2.59020823
  C  1.46505069 -3.19500077  3.18290123
  H  2.24003219 -3.30668153  3.95882315
  H  1.96506792 -3.23647164  2.20271851
  H  0.78781460 -4.05435084  3.26811891
 Ru  0.50229925 -0.23121309 -0.03818527
  C -0.02589806 -1.84711680  4.72009492
  H  0.68412993 -2.04804670  5.53988702
  H -0.80869137 -2.61173452  4.76533061
  H -0.48414531 -0.86696446  4.91711784
  C -0.70019308 -4.03843597  0.73049193
  H -1.38185556 -4.85177766  0.43042621
  H  0.11080693 -4.48588726  1.31762635
  H -0.27289925 -3.60063338 -0.18087002
  C -2.67460204 -2.49616638  0.66655381
  H -3.26346810 -3.37436311  0.35352864
  H -2.33227511 -1.97283881 -0.23277925
  H -3.34191896 -1.83144179  1.23122895
  C -2.08470500 -3.63350387  2.79295874
  H -2.81389245 -4.40165453  2.48498766
  H -2.61970985 -2.90071014  3.41505374
  H -1.32498919 -4.13202271  3.40817293
  C  1.44709665  0.85030690 -3.56238652
  C  1.08513885  3.18223223 -1.49612051
  C  2.94600553  1.18489083 -3.52441332
  H  3.43303555  0.72058560 -4.39754257
  H  3.42630190  0.78080457 -2.61968451
  H  3.14146994  2.26368481 -3.57357489
  C  0.77179289  1.50571067 -4.77816353
  H  1.27824740  1.15143768 -5.69171272
  H  0.83298631  2.59916984 -4.76864950
  H -0.28627358  1.21643219 -4.85762257
  C  1.31574475 -0.67333811 -3.71792173
  H  1.77427037 -0.95815062 -4.67918007
  H  0.26953296 -1.00394448 -3.73205984
  H  1.84739039 -1.21228430 -2.92181141
  C  2.48929788  3.22507702 -0.87041367
  H  2.69633683  4.25465081 -0.53374430
  H  3.27570601  2.94491266 -1.58155919
  H  2.55438781  2.56328429  0.00289623
  C  0.06013787  3.68851256 -0.46434675
  H  0.37793165  4.69019749 -0.13026092
  H  0.00416431  3.03468366  0.41275748
  H -0.94365863  3.78505410 -0.89918600
  C  1.02384498  4.11727753 -2.71187148
  H  1.16721927  5.15244807 -2.35901946
  H  0.04737997  4.07258872 -3.21658741
  H  1.81176222  3.91050527 -3.44714454
  C  2.18517221 -1.00225577 -0.16536417
  H  1.98173518  1.04940444  1.52861312
  H  0.29620118 -2.09589020 -1.70063573
76

  O -0.32462573 -1.50281978 -1.33977156
  P -0.37834554 -1.52806068  1.91866092
  O  3.26950312 -1.50801776 -0.24091280
  N -1.40300112  0.63951399  0.10826762
  C -1.50495321 -0.15588229  2.45615363
  H -2.27012925 -0.51380357  3.15913175
  H -0.84545437  0.53120996  3.01219608
  O  1.09022041  1.14747243  1.28105345
  P  0.66264555  1.40065325 -1.94056578
  C -2.13765452  0.56082246  1.28836926
  C -3.39450730  1.12262969  1.39630356
  H -3.93053776  1.02199282  2.34341078
  C -3.97772242  1.81715058  0.30594850
  H -4.96740717  2.26965116  0.38187909
  C -3.21582854  1.89669014 -0.88759285
  H -3.60602117  2.42104283 -1.76353342
  C -1.96725826  1.31274938 -0.97206725
  C -1.16638234  1.37455327 -2.24974650
  H -1.48270419  2.22415567 -2.87093997
  H -1.32514060  0.45837471 -2.84270721
  C  0.73463041 -1.88206224  3.42300125
  C -1.51719961 -3.00929457  1.55042533
  C  1.82898496 -0.80470344  3.49598204
  H  2.45561566 -1.01327471  4.37878387
  H  1.41501376  0.20551716  3.60718481
  H  2.48027961 -0.82438981  2.61130945
  C  1.43088964 -3.23867215  3.23627165
  H  2.19759898 -3.35283437  4.02009303
  H  1.93834132 -3.30033598  2.26095771
  H  0.73956660 -4.08636227  3.32604563
 Ru  0.53678035 -0.24915003 -0.04040160
  C -0.04851286 -1.84859788  4.74528260
  H  0.65246420 -2.05151771  5.57246142
  H -0.84436386 -2.59966123  4.79388855
  H -0.49192438 -0.85887364  4.92784831
  C -0.72894235 -4.07135891  0.76558942
  H -1.41844464 -4.87942335  0.46903192
  H  0.07503331 -4.52310651  1.35929414
  H -0.29288168 -3.64545260 -0.14763351
  C -2.67818204 -2.50135655  0.67554419
  H -3.27671790 -3.37261713  0.36134685
  H -2.32027076 -1.98827455 -0.22397839
  H -3.34189396 -1.82404898  1.22943953
  C -2.12257375 -3.63139514  2.81604726
  H -2.86014772 -4.39233873  2.50976422
  H -2.65186606 -2.88574802  3.42777141
  H -1.37428912 -4.13446875  3.44161902
  C  1.45698510  0.88405757 -3.59259728
  C  1.08239573  3.20947311 -1.51806081
  C  2.95036833  1.24398302 -3.57711629
  H  3.43269077  0.78777278 -4.45717762
  H  3.45095393  0.84890523 -2.67940535
  H  3.12641275  2.32607123 -3.62917038
  C  0.75474908  1.52438912 -4.80076139
  H  1.25572374  1.17857125 -5.72066263
  H  0.79605437  2.61898304 -4.79270001
  H -0.29884711  1.21602675 -4.86659347
  C  1.34855117 -0.64259058 -3.73858019
  H  1.79836059 -0.92677489 -4.70420903
  H  0.30767291 -0.99031883 -3.73589058
  H  1.89852567 -1.16805740 -2.94565506
  C  2.49169097  3.27261690 -0.90553706
  H  2.68846369  4.30493218 -0.57095263
  H  3.27546006  3.00202155 -1.62345696
  H  2.57336849  2.61182460 -0.03244623
  C  0.06156341  3.69463985 -0.47219417
  H  0.36749524  4.69907552 -0.13516980
  H  0.02508771  3.03532487  0.40223482
  H -0.94856043  3.77881878 -0.89479393
  C  0.99260999  4.14650999 -2.73011701
  H  1.12426899  5.18348707 -2.37764077
  H  0.01104995  4.08746320 -3.22348200
  H  1.77458096  3.95264362 -3.47532154
  C  2.21591208 -1.02175876 -0.16498260
  H  2.01754907  1.03299290  1.52927234
  H  0.32717908 -2.11735984 -1.70333978
76

  O -0.29246772 -1.52250564 -1.34391944
  P -0.37347714 -1.55981114  1.93278290
  O  3.29996667 -1.53031531 -0.23814563
  N -1.38075342  0.62910550  0.10656851
  C -1.48444506 -0.16760339  2.45445428
  H -2.25431945 -0.50798214  3.16090820
  H -0.81780567  0.51847277  3.00287855
  O  1.12684801  1.13237794  1.27967561
  P  0.68924348  1.41921729 -1.95712058
  C -2.11167561  0.54915503  1.28394883
  C -3.36965785  1.11319417  1.39317408
  H -3.90623190  1.01379556  2.33980380
  C -3.94938487  1.80539575  0.30340882
  H -4.93903578  2.25835101  0.37916050
  C -3.19099268  1.88521882 -0.88875574
  H -3.58170609  2.40941005 -1.76423453
  C -1.94030923  1.30073339 -0.97183357
  C -1.14278190  1.36632106 -2.25123975
  H -1.47603683  2.20753810 -2.87487326
  H -1.29459332  0.44454489 -2.83699983
  C  0.71930995 -1.91190299  3.45253823
  C -1.53609328 -3.02512690  1.57314540
  C  1.82900587 -0.84930423  3.51453884
  H  2.44996366 -1.05270728  4.40261670
  H  1.42909152  0.16843232  3.60845270
  H  2.48241321 -0.89070814  2.63197042
  C  1.39614893 -3.28119822  3.28872048
  H  2.15462266 -3.39770802  4.08025295
  H  1.91048600 -3.36308376  2.31848815
  H  0.69085114 -4.11691821  3.38287303
 Ru  0.57137186 -0.26726922 -0.04275598
  C -0.07044983 -1.84949119  4.76950198
  H  0.62151433 -2.05429008  5.60389488
  H -0.87920832 -2.58668181  4.82129830
  H -0.49866270 -0.85058576  4.93775972
  C -0.75793928 -4.10339802  0.80024000
  H -1.45522784 -4.90612500  0.50724520
  H  0.03909407 -4.55926013  1.40035931
  H -0.31344786 -3.68945772 -0.11479640
  C -2.68160614 -2.50647600  0.68437099
  H -3.28961640 -3.37077490  0.36900815
  H -2.30844978 -2.00386590 -0.21522172
  H -3.34144486 -1.81675194  1.22749446
  C -2.15982485 -3.62845401  2.83859179
  H -2.90569033 -4.38213519  2.53403807
  H -2.68310742 -2.87015406  3.43994885
  H -1.42294032 -4.13574049  3.47435108
  C  1.46647533  0.91752987 -3.62204798
  C  1.07928944  3.23620666 -1.53950040
  C  2.95354196  1.30279829 -3.62866811
  H  3.43114477  0.85460507 -4.51547555
  H  3.47398210  0.91714719 -2.73814836
  H  3.11000507  2.38785298 -3.68333341
  C  0.73792008  1.54226344 -4.82240349
  H  1.23341642  1.20484525 -5.74848257
  H  0.75920059  2.63762897 -4.81552302
  H -0.31064919  1.21482004 -4.87489328
  C  1.38142120 -0.61171351 -3.75875537
  H  1.82282346 -0.89539551 -4.72847884
  H  0.34644824 -0.97654396 -3.73953131
  H  1.94930298 -1.12331659 -2.96913137
  C  2.49321845  3.31962443 -0.93999227
  H  2.67973604  4.35456819 -0.60749992
  H  3.27426023  3.05838500 -1.66450558
  H  2.59125319  2.66014632 -0.06717386
  C  0.06311231  3.70057809 -0.47983810
  H  0.35733640  4.70755675 -0.13985478
  H  0.04602212  3.03621363  0.39176750
  H -0.95297780  3.77233885 -0.89026725
  C  0.96129300  4.17462183 -2.74767949
  H  1.08127598  5.21326571 -2.39557965
  H -0.02495315  4.10116739 -3.22977398
  H  1.73707866  3.99337355 -3.50259404
  C  2.24674687 -1.04145119 -0.16479201
  H  2.05350234  1.01644031  1.52973230
  H  0.35822527 -2.13903391 -1.70614316
76

  O -0.26023338 -1.54239053 -1.34816905
  P -0.36881509 -1.59138869  1.94662725
  O  3.33049248 -1.55282331 -0.23560306
  N -1.35835855  0.61857506  0.10477918
  C -1.46369939 -0.17947576  2.45259328
  H -2.23792874 -0.50224220  3.16244775
  H -0.78983628  0.50539256  2.99333518
  O  1.16360488  1.11712639  1.27811972
  P  0.71556403  1.43783614 -1.97337287
  C -2.08552807  0.53736856  1.27944370
  C -3.34462523  1.10366047  1.38998637
  H -3.88173010  1.00550612  2.33614438
  C -3.92088754  1.79353086  0.30081131
  H -4.91050096  2.24694659  0.37639400
  C -3.16600251  1.87363255 -0.88998709
  H -3.55723409  2.39767852 -1.76499511
  C -1.91320306  1.28861277 -0.97166213
  C -1.11891929  1.35801541 -2.25271207
  H -1.46890173  2.19055217 -2.87871303
  H -1.26354055  0.43075394 -2.83128531
  C  0.70393065 -1.94114357  3.48136918
  C -1.55491271 -3.04037613  1.59548700
  C  1.82895698 -0.89384726  3.53252189
  H  2.44449495 -1.09212810  4.42559409
  H  1.44344180  0.13098306  3.60930029
  H  2.48395018 -0.95695685  2.65221051
  C  1.36085922 -3.32256704  3.34025889
  H  2.11113469 -3.44128983  4.13932123
  H  1.88153751 -3.42469109  2.37531583
  H  0.64171109 -4.14601260  3.43861085
 Ru  0.60606651 -0.28556889 -0.04524952
  C -0.09170982 -1.84980965  4.79276993
  H  0.59127875 -2.05637545  5.63421159
  H -0.91321271 -2.57281609  4.84757428
  H -0.50437791 -0.84211994  4.94686855
  C -0.78716305 -4.13455369  0.83444276
  H -1.49218267 -4.93188366  0.54506384
  H  0.00301423 -4.59435374  1.44082295
  H -0.33457454 -3.73264075 -0.08236155
  C -2.68488204 -2.51152370  0.69303311
  H -3.30217359 -3.36884013  0.37651281
  H -2.29682051 -2.01960055 -0.20651383
  H -3.34058836 -1.80955470  1.22539457
  C -2.19645213 -3.62470060  2.86059765
  H -2.95051381 -4.37106538  2.55781384
  H -2.71343779 -2.85395365  3.45159350
  H -1.47092720 -4.13586344  3.50637600
  C  1.47556540  0.95071622 -3.65074681
  C  1.07582966  3.26243232 -1.56044044
  C  2.95553831  1.36130556 -3.67907744
  H  3.42840758  0.92105124 -4.57245205
  H  3.49539365  0.98548767 -2.79591265
  H  3.09227448  2.44899285 -3.73607552
  C  0.72131072  1.55934263 -4.84310997
  H  1.21132668  1.23026914 -5.77519974
  H  0.72244664  2.65511078 -4.83714097
  H -0.32168358  1.21283774 -4.88254157
  C  1.41432739 -0.58069902 -3.77845983
  H  1.84763260 -0.86399602 -4.75201580
  H  0.38581985 -0.96259490 -3.74299456
  H  1.99968592 -1.07806550 -2.99224652
  C  2.49389944  3.36608574 -0.97377528
  H  2.67017501  4.40354594 -0.64338261
  H  3.27213610  3.11398916 -1.70470202
  H  2.60805427  2.70822618 -0.10127734
  C  0.06477311  3.70633628 -0.48727991
  H  0.34744555  4.71565757 -0.14432059
  H  0.06694403  3.03735000  0.38136103
  H -0.95692632  3.76563427 -0.88561245
  C  0.92991830  4.20162757 -2.76457019
  H  1.03826590  5.24180076 -2.41284861
  H -0.06061006  4.11372767 -3.23547970
  H  1.69929468  4.03270610 -3.52897425
  C  2.27766967 -1.06133082 -0.16479261
  H  2.08958501  0.99974556  1.52999701
  H  0.38933546 -2.16090692 -1.70905121
76

  O -0.22792757 -1.56247001 -1.35252529
  P -0.36436134 -1.62278800  1.96019416
  O  3.36107396 -1.57553933 -0.23328485
  N -1.33582465  0.60792562  0.10289943
  C -1.44273064 -0.19150169  2.45057062
  H -2.22097083 -0.49659366  3.16375009
  H -0.76156662  0.49196489  2.98356890
  O  1.20048147  1.10171710  1.27638849
  P  0.74160095  1.45650649 -1.98931860
  C -2.05922276  0.52546338  1.27485247
  C -3.31942030  1.09402854  1.38673870
  H -3.85704441  0.99712206  2.33242990
  C -3.89223978  1.78155908  0.29815584
  H -4.88181203  2.23544112  0.37357957
  C -3.14086610  1.86193740 -0.89128558
  H -3.53261238  2.38585641 -1.76581295
  C -1.88594810  1.27639314 -0.97155221
  C -1.09480409  1.34964580 -2.25416378
  H -1.46130089  2.17321191 -2.88246307
  H -1.23199571  0.41701663 -2.82556623
  C  0.68849845 -1.96978041  3.50950475
  C -1.57365046 -3.05504648  1.61745049
  C  1.82882138 -0.93832351  3.54995122
  H  2.43918929 -1.13153472  4.44774700
  H  1.45802908  0.09317372  3.60974831
  H  2.48487665 -1.02311352  2.67204818
  C  1.32505061 -3.36276755  3.39089772
  H  2.06716583 -3.48356798  4.19731552
  H  1.85153116 -3.48513513  2.43144663
  H  0.59218831 -4.17364047  3.49326863
 Ru  0.64085725 -0.30404713 -0.04788318
  C -0.11229424 -1.84956608  4.81510260
  H  0.56175525 -2.05778529  5.66343468
  H -0.94636600 -2.55808413  4.87273033
  H -0.50908793 -0.83349475  4.95519048
  C -0.81659313 -4.16482696  0.86819666
  H -1.52928691 -4.95670105  0.58248542
  H -0.03318179 -4.62839367  1.48068606
  H -0.35623851 -3.77499447 -0.05033182
  C -2.68801714 -2.51649845  0.70152924
  H -3.31439916 -3.36681620  0.38386069
  H -2.28539050 -2.03546618 -0.19785940
  H -3.33934078 -1.80246082  1.22314038
  C -2.23245014 -3.62015512  2.88206980
  H -2.99461236 -4.35915079  2.58109571
  H -2.74286170 -2.83717191  3.46271240
  H -1.51823526 -4.13486338  3.53770031
  C  1.48425358  0.98360915 -3.67870154
  C  1.07202617  3.28814991 -1.58088207
  C  2.95636955  1.41947463 -3.72835291
  H  3.42448941  0.98708095 -4.62812248
  H  3.51519660  1.05388483 -2.85269766
  H  3.07324851  2.50945510 -3.78740852
  C  0.70492531  1.57563576 -4.86290013
  H  1.18945510  1.25485235 -5.80084013
  H  0.68581338  2.67143231 -4.85757575
  H -0.33195464  1.21010504 -4.88955680
  C  1.44724269 -0.54954014 -3.79770501
  H  1.87276140 -0.83256073 -4.77484457
  H  0.42574909 -0.94844817 -3.74629134
  H  2.04963911 -1.03230878 -3.01500564
  C  2.49375350  3.41198773 -1.00688230
  H  2.65980219  4.45185324 -0.67859728
  H  3.26911745  3.16882135 -1.74404359
  H  2.62378493  2.75604149 -0.13474773
  C  0.06653453  3.71192281 -0.49452058
  H  0.33781300  4.72339359 -0.14857132
  H  0.08783066  3.03873313  0.37102121
  H -0.96042175  3.75872421 -0.88083547
  C  0.89850946  4.22754241 -2.78080025
  H  0.99526368  5.26910966 -2.42945984
  H -0.09590260  4.12517090 -3.24061519
  H  1.66126752  4.07065364 -3.55447448
  C  2.30867378 -1.08139524 -0.16498446
  H  2.12578735  0.98290788  1.53007043
  H  0.42050560 -2.18297344 -1.71206905
76

  O -0.19555487 -1.58273964 -1.35699281
  P -0.36011760 -1.65400389  1.97348381
  O  3.39170474 -1.59846076 -0.23119062
  N -1.31315961  0.59716010  0.10092915
  C -1.42155289 -0.20368319  2.44838632
  H -2.20345928 -0.49104616  3.16481498
  H -0.73301674  0.47818576  2.97358268
  O  1.23746843  1.08614969  1.27448463
  P  0.76734841  1.47522498 -2.00495376
  C -2.03277021  0.51343998  1.27017379
  C -3.29405364  1.08429843  1.38342940
  H -3.83218652  0.98864110  2.32865783
  C -3.86345068  1.76948355  0.29544224
  H -4.85297807  2.22383770  0.37071712
  C -3.11559129  1.85013923 -0.89264997
  H -3.50784801  2.37395151 -1.76668601
  C -1.85855247  1.26407989 -0.97150306
  C -1.07044564  1.34122126 -2.25559511
  H -1.45323632  2.15553105 -2.88612710
  H -1.19997216  0.40334711 -2.81984493
  C  0.67301919 -1.99781019  3.53695511
  C -1.59229928 -3.06914244  1.63903614
  C  1.82858258 -0.98272364  3.56684597
  H  2.43402643 -1.17092410  4.46910519
  H  1.47281873  0.05500940  3.60981645
  H  2.48517962 -1.08915557  2.69150101
  C  1.28875267 -3.40178952  3.44064749
  H  2.02274621 -3.52453144  4.25425288
  H  1.82050198 -3.54439415  2.48688637
  H  0.54232367 -4.19979800  3.54685567
 Ru  0.67573729 -0.32270192 -0.05065779
  C -0.13220499 -1.84877316  4.83651541
  H  0.53294102 -2.05853081  5.69158626
  H -0.97865815 -2.54250614  4.89677970
  H -0.51281093 -0.82472821  4.96274039
  C -0.84620929 -4.19421946  0.90150061
  H -1.56651863 -4.98057953  0.61950738
  H -0.06947014 -4.66138693  1.51994956
  H -0.37841661 -3.81651237 -0.01871003
  C -2.69101841 -2.52139889  0.70985785
  H -3.32630251 -3.36470616  0.39105132
  H -2.27416656 -2.05145039 -0.18926314
  H -3.33771810 -1.79547343  1.22073217
  C -2.26781409 -3.61483779  2.90301291
  H -3.03798086 -4.34641290  2.60388742
  H -2.77138435 -2.81983367  3.47331219
  H -1.56485108 -4.13276636  3.56833022
  C  1.49253842  1.01620123 -3.70591954
  C  1.06788883  3.31335953 -1.60082645
  C  2.95604810  1.47727617 -3.77650318
  H  3.41940063  1.05266465 -4.68250186
  H  3.53339971  1.12229775 -2.90850323
  H  3.05295466  2.56920550 -3.83734444
  C  0.68876764  1.59115194 -4.88179243
  H  1.16780165  1.27860420 -5.82542854
  H  0.64932084  2.68659805 -4.87684862
  H -0.34146734  1.20664665 -4.89595634
  C  1.48014053 -0.51823071 -3.81650120
  H  1.89818311 -0.80107476 -4.79698829
  H  0.46619784 -0.93408182 -3.74943117
  H  2.09912825 -0.98605205 -3.03741284
  C  2.49280053  3.45731798 -1.03930981
  H  2.64863953  4.49947866 -0.71314064
  H  3.26523424  3.22286996 -1.78252797
  H  2.63845916  2.80357012 -0.16757650
  C  0.06838545  3.71734549 -0.50156070
  H  0.32842897  4.73077971 -0.15261049
  H  0.10865999  3.04036122  0.36075414
  H -0.96348005  3.75162699 -0.87594165
  C  0.86708930  4.25238226 -2.79638061
  H  0.95229345  5.29521045 -2.44542528
  H -0.13081369  4.13552432 -3.24519611
  H  1.62303475  4.10722979 -3.57910707
  C  2.33975277 -1.10164192 -0.16536748
  H  2.16209981  0.96592678  1.52995651
  H  0.45173191 -2.20522806 -1.71520147
76

  O -0.16311964 -1.60319499 -1.36157598
  P -0.35608531 -1.68503130  1.98649645
  O  3.42237867 -1.62158484 -0.22931983
  N -1.29037105  0.58628147  0.09886828
  C -1.40017986 -0.21602196  2.44604048
  H -2.18540750 -0.48560901  3.16564227
  H -0.70420631  0.46405159  2.96337953
  O  1.27455660  1.07042401  1.27241089
  P  0.79280101  1.49398816 -2.02027443
  C -2.00618064  0.50129896  1.26540639
  C -3.26853552  1.07447029  1.38005688
  H -3.80716780  0.98006116  2.32482571
  C -3.83452906  1.75730733  0.29267032
  H -4.82400793  2.21213937  0.36780651
  C -3.09018570  1.83824371 -0.89407908
  H -3.48294781  2.36197129 -1.76761235
  C -1.83102404  1.25167823 -0.97151390
  C -1.04585314  1.33275038 -2.25700622
  H -1.44471003  2.13752302 -2.88970885
  H -1.16748313  0.38975898 -2.81412358
  C  0.65749864 -2.02522981  3.56372998
  C -1.61085206 -3.08266871  1.66024405
  C  1.82822460 -1.02703799  3.58322440
  H  2.42898621 -1.21029259  4.48969732
  H  1.48777694  0.01649596  3.60952341
  H  2.48484694 -1.15506032  2.71058572
  C  1.25199444 -3.43962353  3.48951834
  H  1.97790533 -3.56416995  4.31014966
  H  1.78848470 -3.60244743  2.54164074
  H  0.49215703 -4.22448236  3.59938104
 Ru  0.71070003 -0.34153108 -0.05357406
  C -0.15144449 -1.84744345  4.85702308
  H  0.50483274 -2.05862303  5.71868740
  H -1.01008008 -2.52610244  4.91973508
  H -0.51556531 -0.81583778  4.96953247
  C -0.87599161 -4.22273342  0.93435343
  H -1.60385626 -5.00352209  0.65612698
  H -0.10582763 -4.69334118  1.55861427
  H -0.40108575 -3.85718868  0.01250104
  C -2.69389251 -2.52622352  0.71801720
  H -3.33789271 -3.36251273  0.39808385
  H -2.26315474 -2.06754079 -0.18072987
  H -3.33573589 -1.78859519  1.21816995
  C -2.30253989 -3.60876879  2.92343128
  H -3.08061490 -4.33287317  2.62619228
  H -2.79901163 -2.80196338  3.48339915
  H -1.61076236 -4.12959858  3.59827169
  C  1.50041867  1.04848511 -3.73240776
  C  1.06342757  3.33806164 -1.62027473
  C  2.95458662  1.53468174 -3.82353690
  H  3.41315178  1.11777358 -4.73560491
  H  3.55001238  1.19068642 -2.96332957
  H  3.03142030  2.62821119 -3.88589550
  C  0.67284104  1.60590025 -4.89980453
  H  1.14636572  1.30153386 -5.84898864
  H  0.61298829  2.70061302 -4.89498028
  H -0.35022713  1.20248673 -4.90175651
  C  1.51299483 -0.48676548 -3.83485771
  H  1.92387088 -0.76952405 -4.81846865
  H  0.50712852 -0.91947537 -3.75242229
  H  2.14812011 -0.93930189 -3.05947138
  C  2.49106080  3.50206485 -1.07105456
  H  2.63670935  4.54641145 -0.74700961
  H  3.26051651  3.27612451 -1.82015325
  H  2.65209169  2.85079056 -0.19975553
  C  0.07031499  3.72261152 -0.50840049
  H  0.31928364  4.73783006 -0.15644102
  H  0.12941077  3.04223158  0.35056621
  H -0.96611729  3.74436013 -0.87093577
  C  0.83567989  4.27616361 -2.81132208
  H  0.90937856  5.32012175 -2.46075654
  H -0.16532736  4.14481552 -3.24923774
  H  1.58463299  4.14244940 -3.60288443
  C  2.37090038 -1.12206815 -0.16594144
  H  2.19851306  0.94880206  1.52965921
  H  0.48301082 -2.22766540 -1.71845303
76

  O -0.13062601 -1.62383161 -1.36627893
  P -0.35226568 -1.71586531  1.99923232
  O  3.45308983 -1.64490865 -0.22767177
  N -1.26746640  0.57529267  0.09671685
  C -1.37862493 -0.22851945  2.44353321
  H -2.16682876 -0.48029125  3.16623185
  H -0.67515467  0.44955926  2.95296254
  O  1.31173705  1.05454021  1.27017004
  P  0.81795371  1.51279253 -2.03527676
  C -1.97946394  0.48904104  1.26054911
  C -3.24287590  1.06454434  1.37661961
  H -3.78199932  0.97138032  2.32093121
  C -3.80548352  1.74503342  0.28983989
  H -4.79491022  2.20034908  0.36484753
  C -3.06465672  1.82625630 -0.89557176
  H -3.45791844  2.34992291 -1.76859015
  C -1.80337048  1.23919316 -0.97158396
  C -1.02103557  1.32424138 -2.25839715
  H -1.43572402  2.11920098 -2.89321200
  H -1.13454178  0.37626530 -2.80840411
  C  0.64194247 -2.05203639  3.58983861
  C -1.62930193 -3.09563019  1.68107421
  C  1.82773199 -1.07125661  3.59910396
  H  2.42404860 -1.24963601  4.50955097
  H  1.50287081 -0.02236006  3.60888696
  H  2.48386737 -1.22080503  2.72931824
  C  1.21480443 -3.47626096  3.53752005
  H  1.93267211 -3.60247400  4.36502163
  H  1.75551378 -3.65927533  2.59571531
  H  0.44172729 -4.24769176  3.65085351
 Ru  0.74573909 -0.36053231 -0.05663253
  C -0.17001557 -1.84558933  4.87663968
  H  0.47742660 -2.05807271  5.74475826
  H -1.04062359 -2.50889346  4.94160862
  H -0.51736965 -0.80684037  4.97558022
  C -0.90592051 -4.25037161  0.96675388
  H -1.64127858 -5.02553231  0.69234135
  H -0.14223171 -4.72426470  1.59668098
  H -0.42422294 -3.89701834  0.04329867
  C -2.69664571 -2.53097069  0.72600539
  H -3.34917854 -3.36023831  0.40495713
  H -2.25236040 -2.08372498 -0.17226444
  H -3.33340938 -1.78182833  1.21545349
  C -2.33662413 -3.60196828  2.94332895
  H -3.12251073 -4.31855294  2.64801322
  H -2.82575005 -2.78358515  3.49297920
  H -1.65595787 -4.12538641  3.62753036
  C  1.50789335  1.08045349 -3.75817284
  C  1.05865231  3.36225698 -1.63922810
  C  2.95199798  1.59166368 -3.86946270
  H  3.40575350  1.18237977 -4.78744605
  H  3.56504467  1.25901175 -3.01717726
  H  3.00867270  2.68644071 -3.93307412
  C  0.65714840  1.61988973 -4.91695327
  H  1.12514620  1.32365033 -5.87154298
  H  0.57683424  2.71348277 -4.91199082
  H -0.35823998  1.19764891 -4.90697264
  C  1.54578005 -0.45513996 -3.85278287
  H  1.94979780 -0.73789538 -4.83930594
  H  0.54850418 -0.90460973 -3.75527165
  H  2.19658257 -0.89206576 -3.08118371
  C  2.48855484  3.54621739 -1.10211359
  H  2.62403425  4.59264163 -0.78020127
  H  3.25499432  3.32857559 -1.85691794
  H  2.66469794  2.89768188 -0.23127716
  C  0.07231251  3.72772749 -0.51503981
  H  0.31036722  4.74455801 -0.16006525
  H  0.15006259  3.04434069  0.34046405
  H -0.96834961  3.73694025 -0.86582201
  C  0.80430246  4.29890354 -2.82563524
  H  0.86654150  5.34386268 -2.47546494
  H -0.19942881  4.15307236 -3.25275492
  H  1.54609776  4.17632845 -3.62581897
  C  2.40211062 -1.14267109 -0.16670594
  H  2.23501794  0.93153385  1.52918248
  H  0.51433901 -2.25028011 -1.72182798
76

  O -0.09807792 -1.64464504 -1.37110555
  P -0.34865972 -1.74650109  2.01169174
  O  3.48383248 -1.66842907 -0.22624558
  N -1.24445281  0.56419668  0.09447497
  C -1.35690116 -0.24117682  2.44086472
  H -2.14773621 -0.47510158  3.16658372
  H -0.64588079  0.43470607  2.94233483
  O  1.34900100  1.03849869  1.26776488
  P  0.84280183  1.53163450 -2.04995702
  C -1.95262969  0.47666710  1.25560085
  C -3.21708450  1.05452090  1.37311610
  H -3.75669184  0.96259684  2.31697207
  C -3.77632243  1.73266477  0.28695074
  H -4.76569335  2.18846970  0.36183996
  C -3.03901153  1.81418229 -0.89712692
  H -3.43276633  2.33781320 -1.76961771
  C -1.77559921  1.22662952 -0.97171241
  C -0.99600175  1.31570204 -2.25976788
  H -1.42628033  2.10057782 -2.89664014
  H -1.10116114  0.36287859 -2.80268829
  C  0.62635630 -2.07822730  3.61528984
  C -1.64764218 -3.10803197  1.70152653
  C  1.82708979 -1.11536928  3.61450132
  H  2.41919374 -1.28894957  4.52869267
  H  1.51806833 -0.06155143  3.60792402
  H  2.48223051 -1.28636692  2.74771374
  C  1.17721061 -3.51169392  3.58466208
  H  1.88707486 -3.63943478  4.41888388
  H  1.72162334 -3.71485918  2.64911551
  H  0.39107237 -4.26942533  3.70128160
 Ru  0.78084828 -0.37970318 -0.05983360
  C -0.18792148 -1.84322303  4.89537864
  H  0.45071837 -2.05689036  5.76981802
  H -1.07028139 -2.49089965  4.96241193
  H -0.51824266 -0.79775231  4.98089646
  C -0.93597676 -4.27713738  0.99870064
  H -1.67876472 -5.04661437  0.72814746
  H -0.17866047 -4.75416633  1.63415042
  H -0.44780534 -3.93599699  0.07368015
  C -2.69928395 -2.53563861  0.73382033
  H -3.36016844 -3.35788500  0.41166967
  H -2.24178813 -2.09999059 -0.16387174
  H -3.33075336 -1.77517465  1.21258231
  C -2.37006406 -3.59445629  2.96270963
  H -3.16366530 -4.30347349  2.66935274
  H -2.85160674 -2.76472265  3.50205792
  H -1.70042746 -4.12015627  3.65611161
  C  1.51496169  1.11209910 -3.78322106
  C  1.05357299  3.38594658 -1.65768776
  C  2.94829521  1.64819518 -3.91428925
  H  3.39721658  1.24645594 -4.83803940
  H  3.57850721  1.32723556 -3.07004724
  H  2.98473894  2.74386389 -3.97889283
  C  0.64169219  1.63312935 -4.93325476
  H  1.10414150  1.34496237 -5.89311302
  H  0.54087643  2.72521329 -4.92789972
  H -0.36551227  1.19215620 -4.91161908
  C  1.57847120 -0.42335052 -3.87028419
  H  1.97593704 -0.70617635 -4.85951922
  H  0.59028853 -0.88946723 -3.75798511
  H  2.24448461 -0.84435200 -3.10255161
  C  2.48530342  3.58976540 -1.13248425
  H  2.61063712  4.63815994 -0.81271290
  H  3.24869768  3.38021491 -1.89282094
  H  2.67629404  2.94422381 -0.26213417
  C  0.07436761  3.73269942 -0.52147819
  H  0.30166994  4.75097618 -0.16348501
  H  0.17059589  3.04668415  0.33045450
  H -0.97019322  3.72938312 -0.86060400
  C  0.77297742  4.32061966 -2.83933051
  H  0.82380390  5.36645287 -2.48956147
  H -0.23310436  4.16032289 -3.25576211
  H  1.50746351  4.20888403 -3.64792310
  C  2.43337767 -1.16344773 -0.16766045
  H  2.27160552  0.91412256  1.52853029
  H  0.54571335 -2.27306685 -1.72533033
76

  O -0.06547910 -1.66563081 -1.37605943
  P -0.34526822 -1.77693394  2.02387505
  O  3.51460110 -1.69214286 -0.22504023
  N -1.22133724  0.55299647  0.09214281
  C -1.33502128 -0.25399498  2.43803526
  H -2.12814287 -0.47004845  3.16669794
  H -0.61640333  0.41948976  2.93149961
  O  1.38633989  1.02230012  1.26519828
  P  0.86734105  1.55051044 -2.06431159
  C -1.92568719  0.46417811  1.25056062
  C -3.19117072  1.04440037  1.36954495
  H -3.73125583  0.95370916  2.31294611
  C -3.74705389  1.72020427  0.28400264
  H -4.73636546  2.17650403  0.35878350
  C -3.01325709  1.80202678 -0.89874351
  H -3.40749773  2.32564871 -1.77069342
  C -1.74771744  1.21399197 -0.97189840
  C -0.97076029  1.30713980 -2.26111826
  H -1.41638097  2.08166616 -2.89999680
  H -1.06735417  0.34961086 -2.79697763
  C  0.61074570 -2.10380008  3.64009210
  C -1.66586634 -3.11987933  1.72160078
  C  1.82628361 -1.15936553  3.62943244
  H  2.41440200 -1.32822801  4.54714798
  H  1.53333843 -0.10107028  3.60665069
  H  2.47992687 -1.35172321  2.76578667
  C  1.13924046 -3.54591530  3.63095349
  H  1.84114133 -3.67504422  4.47175089
  H  1.68684720 -3.76918132  2.70184664
  H  0.34022921 -4.28968314  3.75067356
 Ru  0.81602163 -0.39904111 -0.06317754
  C -0.20516586 -1.84035659  4.91325278
  H  0.42470342 -2.05508624  5.79388498
  H -1.09904699 -2.47214151  4.98215612
  H -0.51820315 -0.78858939  4.98549342
  C -0.96614153 -4.30303458  1.03019238
  H -1.71629424 -5.06677301  0.76354220
  H -0.21509270 -4.78305546  1.67102327
  H -0.47181026 -3.97412096  0.10364286
  C -2.70181278 -2.54022538  0.74145976
  H -3.37087054 -3.35545459  0.41821968
  H -2.23144186 -2.11632530 -0.15555670
  H -3.32778226 -1.76863552  1.20955570
  C -2.40285761 -3.58625276  2.98157678
  H -3.20407620 -4.28765590  2.69021302
  H -2.87658945 -2.74539910  3.51064055
  H -1.74416210 -4.11393461  3.68402060
  C  1.52162319  1.14341474 -3.80755841
  C  1.04819952  3.40913177 -1.67565494
  C  2.94349154  1.70425020 -3.95802517
  H  3.38755194  1.30997556 -4.88739882
  H  3.59041118  1.39532055 -3.12194082
  H  2.95964592  2.80045184 -4.02336427
  C  0.62647450  1.64562796 -4.94872435
  H  1.08334960  1.36547854 -5.91371924
  H  0.50513194  2.73581096 -4.94272585
  H -0.37205075  1.18603106 -4.91570927
  C  1.61104388 -0.39139426 -3.88736838
  H  2.00226181 -0.67435535 -4.87912630
  H  0.63244596 -0.87403154 -3.76056750
  H  2.29179634 -0.79616973 -3.12357621
  C  2.48132750  3.63269938 -1.16216420
  H  2.59654102  4.68295784 -0.84454202
  H  3.24165650  3.43103521 -1.92786163
  H  2.68689670  2.99039669 -0.29231985
  C  0.07647018  3.73753270 -0.52771481
  H  0.29318211  4.75709640 -0.16670155
  H  0.19099199  3.04925679  0.32054458
  H -0.97166434  3.72170362 -0.85528479
  C  0.74172428  4.34133001 -2.85241808
  H  0.78118648  5.38791232 -2.50305678
  H -0.26634152  4.16659533 -3.25827330
  H  1.46876347  4.24013423 -3.66920924
  C  2.46469592 -1.18439492 -0.16880425
  H  2.30826703  0.89656888  1.52770661
  H  0.57713090 -2.29602031 -1.72896378